91
48
1 6 72 3
2 6 18 7
3 4 54 2
4 3 58 3
5 3 6 7
6 3 96 7
7 1 67 4
8 1 66 2
9 10 66 9
10 5 38 9
11 11 85 5
12 3 45 6
13 9 73 6
14 7 22 7
15 7 53 5
16 10 59 5
17 6 88 9
18 4 44 2
19 4 86 3
20 1 56 2
21 5 34 9
22 11 46 4
23 9 6 9
24 4 11 2
25 1 51 7
26 9 80 7
27 11 44 9
28 8 61 6
29 7 45 3
30 3 98 2
31 3 7 1
32 1 35 1
33 11 7 9
34 6 69 8
35 3 85 7
36 7 53 5
37 7 70 4
38 4 1 9
39 9 12 2
40 10 68 8
41 6 3 4
42 2 3 7
43 1 11 5
44 8 97 9
45 8 85 5
46 4 25 4
47 10 71 7
48 1 17 7
11
1 1 68 9
2 8 34 5
3 2 36 6
4 1 36 1
5 2 46 6
6 7 41 5
7 3 25 1
8 5 47 2
9 3 18 8
10 3 34 4
11 2 31 8
43
1 7 91 6
2 8 25 3
3 9 60 3
4 10 4 6
5 5 44 2
6 7 66 9
7 11 13 8
8 1 31 5
9 1 62 8
10 2 93 6
11 2 24 1
12 2 44 8
13 4 45 4
14 6 77 5
15 9 51 5
16 7 39 7
17 6 38 1
18 6 33 3
19 3 47 1
20 7 7 6
21 9 68 6
22 11 37 3
23 8 59 7
24 8 54 4
25 6 30 3
26 10 43 9
27 5 88 6
28 9 44 7
29 6 42 9
30 8 74 8
31 1 97 8
32 11 1 5
33 3 5 6
34 6 69 5
35 3 98 9
36 8 32 8
37 6 36 7
38 3 22 7
39 2 22 3
40 10 90 7
41 7 25 6
42 2 46 9
43 2 96 3
47
1 4 49 1
2 4 45 8
3 11 77 6
4 3 11 3
5 5 32 7
6 5 51 9
7 3 41 4
8 7 66 9
9 7 10 8
10 6 4 1
11 10 20 7
12 1 9 9
13 1 66 7
14 9 30 5
15 8 72 8
16 7 96 6
17 11 54 2
18 8 98 1
19 5 49 2
20 3 68 9
21 4 63 5
22 1 9 4
23 10 94 3
24 7 61 3
25 4 32 3
26 7 73 7
27 4 92 7
28 11 72 3
29 10 91 6
30 3 28 2
31 2 59 6
32 10 34 5
33 7 99 1
34 10 27 8
35 4 29 7
36 2 33 4
37 8 94 8
38 10 49 9
39 4 64 7
40 5 45 2
41 8 96 5
42 11 37 8
43 11 71 1
44 8 69 7
45 2 56 9
46 6 5 5
47 6 10 9
40
1 10 46 9
2 1 10 5
3 5 53 4
4 1 49 8
5 9 83 7
6 7 54 7
7 3 21 2
8 2 76 2
9 6 78 4
10 11 87 3
11 8 13 9
12 7 62 9
13 4 92 2
14 1 25 8
15 3 47 9
16 6 52 1
17 2 26 5
18 11 16 4
19 8 1 3
20 8 31 5
21 7 48 4
22 8 63 4
23 1 82 9
24 2 33 3
25 2 3 9
26 5 13 3
27 10 78 5
28 2 45 9
29 5 82 6
30 5 95 9
31 2 79 6
32 3 80 6
33 8 7 4
34 10 9 8
35 9 33 9
36 1 62 1
37 2 48 8
38 2 11 3
39 11 24 4
40 2 66 5
18
1 7 74 6
2 7 54 2
3 2 58 3
4 11 66 1
5 9 98 7
6 7 58 8
7 8 6 6
8 7 14 8
9 4 35 9
10 6 1 5
11 3 24 1
12 8 32 1
13 6 16 8
14 8 50 8
15 5 39 3
16 1 26 1
17 3 13 2
18 6 19 5
44
1 6 19 9
2 11 17 2
3 11 39 2
4 7 70 1
5 10 84 8
6 4 34 4
7 8 70 4
8 8 95 4
9 8 7 5
10 2 23 7
11 6 4 9
12 2 40 9
13 7 93 4
14 10 37 9
15 3 16 9
16 7 28 1
17 5 59 2
18 9 78 2
19 2 63 6
20 8 60 8
21 8 41 3
22 10 75 5
23 5 31 8
24 7 48 8
25 11 18 8
26 2 91 6
27 7 81 2
28 8 98 4
29 9 11 8
30 5 91 8
31 9 19 4
32 4 15 9
33 1 92 8
34 9 90 1
35 10 78 1
36 4 38 7
37 4 3 2
38 7 42 2
39 3 48 5
40 3 28 9
41 3 2 7
42 10 72 1
43 2 79 6
44 3 14 3
37
1 5 27 5
2 6 64 2
3 9 67 2
4 2 7 3
5 4 52 7
6 4 77 4
7 6 77 1
8 3 49 9
9 4 28 5
10 7 42 6
11 9 53 6
12 2 44 3
13 8 18 4
14 8 36 6
15 2 40 5
16 9 34 6
17 7 77 3
18 6 76 9
19 10 7 9
20 2 75 5
21 8 35 9
22 6 53 5
23 5 92 8
24 9 86 4
25 11 72 4
26 6 93 3
27 6 87 3
28 5 5 9
29 2 13 7
30 8 69 6
31 5 23 7
32 4 97 5
33 1 58 3
34 2 70 7
35 8 37 8
36 11 10 5
37 5 65 6
34
1 2 38 1
2 3 49 8
3 10 16 4
4 3 37 8
5 4 34 4
6 2 91 4
7 1 59 9
8 8 93 7
9 7 2 3
10 9 66 8
11 9 46 1
12 1 53 3
13 3 18 9
14 7 15 7
15 10 72 5
16 9 57 5
17 9 54 4
18 2 88 6
19 4 18 7
20 3 32 1
21 2 4 9
22 4 76 9
23 10 4 1
24 4 8 6
25 7 49 5
26 1 35 6
27 11 66 7
28 10 24 4
29 7 64 9
30 2 38 5
31 9 71 2
32 1 5 8
33 9 84 3
34 1 26 5
12
1 2 10 1
2 11 45 6
3 9 9 4
4 5 30 5
5 11 94 4
6 10 30 9
7 7 1 8
8 6 3 6
9 3 86 6
10 1 12 2
11 6 74 2
12 5 7 7
21
1 3 66 8
2 7 95 4
3 6 87 7
4 4 17 4
5 8 15 9
6 11 17 5
7 2 3 2
8 11 13 1
9 6 84 2
10 10 90 8
11 1 17 5
12 9 27 8
13 2 58 2
14 1 15 8
15 4 32 2
16 6 28 6
17 11 45 9
18 1 81 1
19 11 89 6
20 6 59 8
21 5 63 4
30
1 2 1 8
2 2 59 7
3 11 73 4
4 3 5 3
5 6 30 8
6 6 74 7
7 4 53 6
8 3 43 2
9 6 2 1
10 10 62 4
11 7 76 4
12 7 38 4
13 8 21 6
14 3 68 3
15 6 55 3
16 2 51 9
17 8 65 7
18 5 10 2
19 1 19 5
20 2 75 4
21 7 31 3
22 5 32 3
23 7 10 6
24 5 10 1
25 4 93 5
26 4 38 4
27 8 15 1
28 6 16 8
29 4 11 9
30 10 58 1
18
1 11 13 6
2 2 44 6
3 9 53 3
4 11 62 1
5 2 54 5
6 3 91 6
7 10 5 7
8 2 20 3
9 5 31 2
10 1 88 9
11 3 19 6
12 2 52 6
13 1 70 7
14 7 34 7
15 1 2 4
16 10 59 5
17 10 74 6
18 3 58 6
34
1 11 84 4
2 9 70 3
3 1 88 9
4 2 38 3
5 1 8 9
6 5 39 4
7 5 38 8
8 1 97 3
9 11 69 7
10 11 28 1
11 11 94 6
12 4 49 7
13 7 91 5
14 5 12 1
15 9 27 3
16 4 4 5
17 7 18 2
18 1 18 6
19 7 69 3
20 9 16 8
21 3 91 4
22 6 41 1
23 9 90 3
24 9 73 2
25 8 66 9
26 10 95 6
27 2 50 2
28 6 73 8
29 2 91 2
30 2 42 1
31 4 81 8
32 7 89 6
33 3 37 6
34 3 9 7
43
1 5 72 8
2 3 66 3
3 3 16 4
4 8 86 2
5 7 77 3
6 9 19 1
7 1 98 6
8 5 85 3
9 6 20 8
10 8 28 3
11 5 71 1
12 8 19 5
13 7 74 8
14 11 84 9
15 6 84 9
16 3 85 8
17 11 18 5
18 7 9 5
19 1 33 6
20 9 53 6
21 1 43 3
22 3 2 8
23 11 25 7
24 5 33 9
25 1 57 5
26 5 1 4
27 10 76 2
28 4 89 7
29 1 85 2
30 9 97 7
31 7 36 3
32 5 68 5
33 4 63 5
34 6 34 6
35 5 65 8
36 7 32 2
37 5 52 7
38 3 20 1
39 1 22 2
40 8 73 7
41 3 2 9
42 3 78 1
43 3 17 8
18
1 2 87 4
2 5 50 1
3 9 82 2
4 2 34 6
5 3 51 5
6 3 72 4
7 9 44 1
8 11 45 8
9 1 23 8
10 3 39 5
11 1 31 7
12 9 20 3
13 3 12 9
14 5 90 3
15 5 56 8
16 10 23 8
17 4 30 3
18 3 73 6
23
1 9 23 7
2 11 59 2
3 9 88 8
4 6 8 9
5 7 18 8
6 11 8 8
7 3 61 6
8 1 83 5
9 2 13 7
10 5 86 3
11 5 72 8
12 4 82 2
13 5 78 5
14 4 23 8
15 1 22 1
16 7 29 7
17 1 26 6
18 6 3 9
19 9 43 8
20 10 26 2
21 5 49 4
22 10 6 8
23 1 37 7
10
1 1 35 6
2 1 54 7
3 5 83 4
4 5 7 7
5 8 7 6
6 5 49 4
7 1 72 4
8 6 22 5
9 2 27 3
10 3 61 9
14
1 7 69 3
2 5 24 9
3 7 5 1
4 9 9 7
5 5 15 1
6 7 61 5
7 8 34 6
8 11 55 1
9 1 81 3
10 1 42 2
11 2 69 3
12 3 85 8
13 2 49 2
14 6 54 2
10
1 5 48 7
2 11 9 2
3 5 42 7
4 4 96 5
5 3 75 7
6 3 15 7
7 5 84 7
8 5 69 3
9 6 16 4
10 9 67 6
37
1 4 23 2
2 1 31 1
3 6 73 6
4 7 67 1
5 9 43 8
6 1 55 3
7 3 39 9
8 7 6 2
9 10 22 4
10 7 86 9
11 4 24 6
12 4 23 8
13 1 64 6
14 5 62 9
15 4 6 7
16 11 87 9
17 10 95 9
18 5 77 2
19 10 78 2
20 7 14 7
21 5 26 5
22 4 60 7
23 4 10 2
24 10 54 5
25 6 51 1
26 9 58 1
27 8 66 9
28 1 68 3
29 9 78 9
30 9 38 8
31 9 24 4
32 1 56 1
33 6 66 3
34 4 25 4
35 2 96 2
36 6 22 6
37 8 57 4
47
1 6 62 3
2 2 38 1
3 8 75 8
4 6 97 2
5 4 53 9
6 9 19 2
7 10 41 6
8 9 37 5
9 4 57 8
10 11 12 9
11 5 49 4
12 11 22 8
13 5 2 3
14 11 46 1
15 8 36 5
16 5 74 7
17 1 23 3
18 9 9 3
19 10 60 3
20 9 95 4
21 10 26 9
22 1 33 4
23 11 79 7
24 1 41 1
25 11 18 4
26 2 70 4
27 7 61 3
28 5 18 6
29 1 10 7
30 5 65 2
31 11 82 6
32 2 20 4
33 1 15 3
34 11 43 3
35 8 1 3
36 3 38 9
37 4 74 6
38 9 52 6
39 3 3 4
40 1 83 5
41 8 7 4
42 1 17 8
43 8 37 6
44 11 66 2
45 9 48 2
46 7 20 8
47 10 52 3
27
1 2 67 2
2 4 69 3
3 2 52 8
4 7 56 9
5 8 70 7
6 4 7 1
7 1 70 9
8 10 18 8
9 3 35 7
10 1 85 9
11 7 50 9
12 5 16 8
13 5 32 2
14 1 40 3
15 10 8 1
16 2 34 3
17 6 96 7
18 7 14 9
19 11 18 9
20 1 17 3
21 8 68 5
22 11 57 1
23 5 68 9
24 1 52 3
25 6 41 7
26 11 86 6
27 11 54 2
27
1 6 83 9
2 5 1 6
3 4 17 6
4 9 84 2
5 9 40 9
6 2 8 9
7 11 57 9
8 5 97 7
9 5 81 1
10 2 35 3
11 7 88 9
12 1 73 6
13 1 70 5
14 4 69 9
15 9 32 3
16 4 85 6
17 9 4 8
18 10 17 9
19 5 26 9
20 8 35 5
21 7 17 6
22 7 56 2
23 11 76 4
24 1 84 5
25 3 31 4
26 11 90 6
27 5 59 6
18
1 7 55 3
2 9 79 2
3 3 12 4
4 9 28 1
5 2 81 2
6 2 57 5
7 11 40 7
8 1 70 1
9 11 58 6
10 4 16 9
11 10 90 5
12 7 71 5
13 8 30 8
14 7 3 2
15 10 13 3
16 3 78 2
17 4 38 8
18 10 9 2
33
1 6 69 6
2 7 84 3
3 5 72 6
4 1 43 1
5 6 72 7
6 10 74 8
7 9 84 8
8 11 61 8
9 1 98 6
10 9 7 7
11 8 55 9
12 8 76 6
13 1 16 9
14 6 41 8
15 5 11 7
16 8 7 1
17 3 31 5
18 9 74 8
19 3 79 5
20 10 11 7
21 6 91 9
22 3 76 6
23 10 66 4
24 3 8 7
25 11 33 8
26 8 78 9
27 2 10 9
28 10 71 9
29 6 64 7
30 5 33 2
31 4 86 2
32 4 89 1
33 11 27 2
10
1 8 60 5
2 7 92 3
3 1 70 2
4 2 77 8
5 9 46 6
6 3 11 3
7 7 43 4
8 8 27 4
9 11 14 4
10 9 39 5
44
1 4 43 7
2 8 36 9
3 9 4 9
4 8 79 5
5 6 25 1
6 6 33 3
7 11 73 5
8 7 97 8
9 5 12 2
10 2 50 4
11 7 56 7
12 3 17 6
13 3 43 7
14 7 30 8
15 6 46 7
16 8 4 4
17 6 35 6
18 1 15 9
19 10 5 1
20 10 35 3
21 2 12 8
22 11 63 6
23 5 42 4
24 2 38 3
25 7 8 8
26 8 37 8
27 11 31 5
28 10 21 3
29 2 46 7
30 6 39 2
31 6 80 1
32 6 14 8
33 2 69 2
34 9 53 3
35 2 42 4
36 8 56 6
37 11 34 8
38 6 45 9
39 3 85 3
40 4 66 2
41 8 39 8
42 8 53 7
43 8 27 4
44 10 1 6
26
1 8 35 4
2 2 91 7
3 1 25 4
4 5 67 3
5 7 50 5
6 8 16 6
7 2 52 2
8 10 5 9
9 6 29 3
10 5 27 8
11 11 29 5
12 11 8 3
13 11 38 7
14 11 29 2
15 11 7 1
16 3 91 8
17 7 48 8
18 1 45 8
19 5 20 1
20 9 43 7
21 3 27 1
22 9 90 8
23 3 86 6
24 8 96 8
25 1 25 2
26 7 14 9
24
1 5 42 1
2 5 86 9
3 7 4 7
4 3 44 4
5 5 70 2
6 11 61 1
7 2 47 4
8 7 43 3
9 8 65 2
10 1 76 2
11 6 23 1
12 1 11 9
13 9 26 1
14 10 92 3
15 9 30 5
16 2 93 8
17 5 23 4
18 5 88 5
19 1 17 7
20 11 88 5
21 7 96 7
22 5 86 4
23 4 3 2
24 5 22 4
41
1 5 36 6
2 4 27 5
3 8 49 8
4 1 37 1
5 2 52 8
6 10 38 3
7 3 34 7
8 8 20 8
9 9 21 1
10 3 42 2
11 8 83 2
12 10 78 9
13 4 92 7
14 8 64 4
15 10 35 7
16 4 44 3
17 8 30 6
18 9 74 1
19 4 36 3
20 2 82 2
21 8 18 8
22 1 26 3
23 10 42 8
24 1 43 5
25 9 58 1
26 8 69 3
27 7 36 7
28 1 44 8
29 6 82 6
30 8 65 7
31 10 97 3
32 6 18 6
33 9 52 6
34 4 46 5
35 2 37 2
36 2 76 6
37 2 98 6
38 5 42 8
39 4 18 1
40 6 51 8
41 2 79 5
36
1 2 83 3
2 8 33 6
3 10 78 1
4 9 14 2
5 9 87 5
6 10 85 1
7 1 25 9
8 2 42 7
9 7 93 3
10 6 72 7
11 5 54 7
12 10 96 2
13 7 42 5
14 8 96 9
15 8 1 2
16 6 36 3
17 2 15 1
18 4 19 7
19 10 66 6
20 3 55 1
21 6 97 6
22 5 33 1
23 1 46 1
24 7 53 5
25 1 34 2
26 11 36 6
27 2 37 2
28 3 59 4
29 10 8 3
30 9 53 1
31 8 56 8
32 4 99 5
33 3 17 5
34 3 82 8
35 9 12 8
36 9 89 6
30
1 11 57 8
2 2 14 2
3 11 21 2
4 6 72 3
5 1 26 8
6 2 24 1
7 4 40 5
8 4 22 1
9 1 33 8
10 8 21 2
11 6 19 9
12 7 81 9
13 7 9 7
14 5 90 8
15 8 88 9
16 10 14 6
17 11 79 4
18 6 34 3
19 3 24 8
20 3 86 9
21 10 5 3
22 4 67 6
23 5 81 4
24 2 23 3
25 1 20 7
26 11 95 1
27 11 6 9
28 1 53 9
29 2 86 4
30 1 92 2
16
1 11 24 5
2 1 89 8
3 5 68 1
4 7 90 3
5 7 10 7
6 5 5 8
7 4 10 7
8 3 61 7
9 4 45 1
10 2 37 9
11 10 30 1
12 10 74 7
13 8 29 6
14 9 74 9
15 10 60 4
16 6 67 5
42
1 6 59 2
2 8 20 6
3 9 64 4
4 10 2 3
5 7 29 1
6 5 3 5
7 10 29 1
8 7 1 1
9 3 61 4
10 8 28 6
11 2 18 6
12 5 84 2
13 1 42 2
14 9 87 7
15 8 31 2
16 2 8 4
17 4 52 9
18 9 14 3
19 9 44 8
20 1 74 8
21 5 41 5
22 9 60 4
23 5 51 5
24 11 75 5
25 10 2 3
26 5 32 3
27 2 49 6
28 7 4 6
29 9 36 6
30 6 97 4
31 2 36 7
32 7 12 9
33 10 44 5
34 5 91 5
35 11 57 8
36 1 69 5
37 10 27 8
38 1 59 8
39 2 64 3
40 4 2 1
41 10 98 2
42 10 71 4
45
1 8 16 3
2 1 7 5
3 11 64 1
4 9 33 4
5 5 59 9
6 3 16 6
7 4 79 6
8 5 81 7
9 1 79 6
10 10 50 9
11 4 51 1
12 9 80 3
13 4 25 8
14 1 98 8
15 9 25 5
16 10 73 9
17 3 34 3
18 3 31 4
19 6 63 9
20 5 70 4
21 9 52 1
22 2 53 4
23 2 96 2
24 4 5 1
25 11 25 4
26 1 59 8
27 7 7 1
28 7 2 6
29 2 71 1
30 10 84 3
31 2 10 5
32 7 65 3
33 4 57 4
34 1 48 5
35 3 68 8
36 5 75 9
37 8 82 2
38 2 70 9
39 1 16 9
40 5 97 6
41 9 65 9
42 5 65 7
43 3 78 4
44 3 26 6
45 4 6 3
48
1 10 75 6
2 5 58 7
3 6 26 4
4 4 39 1
5 8 37 4
6 6 99 3
7 10 65 8
8 11 41 2
9 11 66 7
10 3 71 7
11 6 11 8
12 3 17 8
13 3 46 9
14 6 91 3
15 1 5 5
16 2 5 7
17 1 66 7
18 8 11 7
19 4 60 5
20 3 37 2
21 6 90 1
22 5 23 2
23 9 50 7
24 10 77 7
25 10 90 1
26 1 49 4
27 6 29 5
28 3 62 6
29 1 38 1
30 5 91 8
31 9 28 1
32 10 20 5
33 8 24 7
34 2 65 7
35 11 83 5
36 10 13 8
37 4 51 6
38 10 63 2
39 3 90 9
40 5 96 4
41 7 51 6
42 1 62 7
43 8 50 3
44 7 54 2
45 5 68 5
46 9 93 3
47 8 33 5
48 3 52 1
23
1 7 98 5
2 11 92 8
3 7 41 4
4 5 4 8
5 10 51 1
6 6 6 2
7 10 73 4
8 5 64 7
9 10 96 2
10 10 46 1
11 7 5 8
12 3 19 8
13 6 74 7
14 2 45 7
15 5 28 4
16 1 63 5
17 4 76 9
18 8 71 5
19 5 9 7
20 10 70 7
21 11 5 6
22 3 92 1
23 10 8 4
35
1 11 16 5
2 2 43 7
3 2 5 9
4 3 80 6
5 10 51 2
6 3 57 6
7 10 28 3
8 8 30 7
9 10 22 5
10 6 30 9
11 10 77 2
12 4 11 7
13 11 9 2
14 4 59 8
15 6 31 7
16 10 88 4
17 1 44 6
18 6 14 1
19 2 7 1
20 11 33 8
21 7 34 5
22 6 57 6
23 4 4 4
24 10 72 5
25 11 42 3
26 7 44 7
27 6 13 4
28 5 20 8
29 5 47 5
30 1 88 6
31 9 18 7
32 10 50 4
33 9 27 2
34 1 47 4
35 6 94 1
12
1 5 45 1
2 9 55 2
3 2 72 9
4 7 17 3
5 5 5 6
6 2 23 4
7 9 70 7
8 6 96 6
9 4 41 9
10 10 36 7
11 9 52 5
12 7 27 8
48
1 9 31 6
2 2 47 8
3 6 49 5
4 8 69 6
5 3 40 3
6 9 34 8
7 1 75 5
8 8 9 9
9 5 60 4
10 11 84 2
11 3 99 3
12 9 5 6
13 11 16 5
14 3 84 3
15 3 77 4
16 9 82 4
17 8 21 6
18 5 3 8
19 11 51 9
20 4 96 8
21 11 17 1
22 10 49 5
23 1 96 9
24 6 62 5
25 1 75 6
26 10 49 9
27 3 90 9
28 2 60 9
29 2 23 8
30 8 82 3
31 4 98 8
32 7 4 3
33 1 37 3
34 8 50 9
35 2 8 6
36 8 52 8
37 1 15 9
38 1 68 3
39 5 21 8
40 3 31 9
41 5 83 5
42 4 77 7
43 5 14 4
44 6 13 5
45 9 52 4
46 5 15 3
47 2 75 3
48 3 59 1
16
1 2 1 3
2 4 29 2
3 7 13 4
4 10 87 2
5 1 1 3
6 6 11 5
7 3 62 6
8 5 74 6
9 6 49 9
10 7 8 9
11 11 73 2
12 9 19 3
13 5 13 6
14 4 39 6
15 2 33 7
16 11 17 2
12
1 11 36 5
2 5 11 1
3 8 57 7
4 3 65 5
5 11 36 6
6 9 52 6
7 11 63 3
8 3 2 6
9 2 32 4
10 1 49 3
11 10 35 5
12 1 33 8
16
1 5 11 4
2 6 73 6
3 5 9 2
4 11 59 7
5 8 22 9
6 10 23 6
7 9 55 7
8 9 2 9
9 7 34 2
10 6 66 9
11 1 67 4
12 9 63 4
13 4 89 3
14 11 78 8
15 3 3 6
16 2 51 5
31
1 8 52 3
2 6 53 1
3 10 84 2
4 2 49 2
5 1 14 3
6 9 75 6
7 11 64 8
8 10 40 4
9 10 43 1
10 9 93 3
11 8 69 9
12 3 49 4
13 9 32 6
14 5 67 2
15 7 15 1
16 9 99 2
17 6 60 2
18 4 81 8
19 10 70 6
20 6 36 1
21 11 52 2
22 11 28 1
23 4 76 4
24 11 60 2
25 10 87 1
26 2 77 4
27 11 22 8
28 4 18 3
29 7 23 3
30 11 12 6
31 11 86 4
29
1 5 88 3
2 6 62 6
3 5 22 5
4 1 8 5
5 1 82 7
6 11 5 3
7 3 20 5
8 7 43 7
9 4 54 1
10 4 38 4
11 8 32 4
12 5 19 8
13 1 69 8
14 9 98 6
15 5 39 7
16 10 95 1
17 1 36 9
18 9 68 6
19 5 41 2
20 4 97 2
21 8 46 6
22 4 45 6
23 1 77 3
24 1 98 4
25 10 78 2
26 3 76 8
27 9 22 7
28 1 16 8
29 11 35 5
27
1 8 92 8
2 3 37 4
3 6 81 7
4 4 56 1
5 2 54 4
6 10 30 3
7 1 7 9
8 9 26 6
9 7 41 4
10 6 73 7
11 2 62 6
12 3 99 4
13 6 68 1
14 7 14 5
15 7 96 5
16 4 87 5
17 11 41 8
18 4 9 7
19 7 64 5
20 1 25 9
21 6 58 9
22 1 68 2
23 10 95 1
24 11 91 9
25 11 75 6
26 7 70 3
27 5 30 1
16
1 10 8 9
2 4 69 2
3 4 94 2
4 9 52 8
5 8 20 9
6 4 14 1
7 1 3 7
8 11 77 3
9 4 45 4
10 6 74 4
11 5 80 5
12 10 73 8
13 2 9 4
14 5 43 1
15 1 23 6
16 7 30 7
23
1 7 20 9
2 6 96 9
3 7 41 1
4 2 13 2
5 4 93 7
6 3 64 3
7 2 72 6
8 6 13 5
9 4 33 1
10 10 62 8
11 6 86 6
12 3 12 5
13 9 12 6
14 5 57 5
15 7 27 3
16 9 18 2
17 6 4 1
18 9 89 8
19 10 78 4
20 8 74 4
21 1 44 6
22 8 28 8
23 8 40 6
17
1 6 93 7
2 10 18 9
3 5 36 1
4 10 39 8
5 7 26 6
6 4 4 7
7 11 76 1
8 9 20 5
9 5 45 3
10 10 82 8
11 3 34 4
12 7 69 5
13 3 31 2
14 5 11 6
15 8 32 1
16 11 11 1
17 3 66 4
14
1 10 38 5
2 3 82 7
3 11 63 3
4 2 96 4
5 6 64 8
6 8 94 8
7 10 4 2
8 6 35 2
9 3 44 1
10 4 10 4
11 2 39 2
12 7 9 1
13 9 36 5
14 5 39 6
24
1 1 28 9
2 7 20 5
3 5 23 6
4 9 56 5
5 9 99 5
6 1 7 7
7 3 45 8
8 7 51 6
9 2 84 8
10 5 23 4
11 4 56 3
12 7 96 1
13 4 27 9
14 3 39 1
15 3 68 7
16 11 74 7
17 4 62 7
18 4 13 8
19 8 1 5
20 3 40 9
21 1 67 6
22 2 67 1
23 7 4 4
24 10 56 3
16
1 7 71 6
2 6 44 2
3 9 6 8
4 10 16 5
5 6 14 9
6 6 54 8
7 7 19 2
8 8 84 9
9 1 85 3
10 10 39 4
11 11 88 4
12 3 44 9
13 2 4 5
14 5 98 2
15 7 59 8
16 10 93 2
24
1 4 90 2
2 9 72 8
3 7 57 2
4 6 94 3
5 3 82 6
6 5 26 3
7 6 29 8
8 8 26 7
9 4 84 5
10 2 76 6
11 7 41 6
12 6 13 7
13 1 39 9
14 11 3 3
15 3 80 1
16 7 27 8
17 8 97 6
18 2 76 5
19 5 33 8
20 9 12 6
21 7 35 1
22 2 76 2
23 1 46 3
24 4 21 7
29
1 3 94 1
2 8 21 8
3 4 16 3
4 5 89 7
5 7 23 5
6 5 32 8
7 9 64 8
8 8 40 9
9 8 85 3
10 9 4 7
11 3 77 6
12 7 30 1
13 5 77 4
14 8 27 6
15 8 92 7
16 8 9 4
17 6 77 2
18 4 93 3
19 8 21 6
20 5 79 6
21 6 84 1
22 5 29 9
23 11 30 9
24 10 35 6
25 2 14 8
26 5 15 6
27 1 71 9
28 11 44 2
29 2 11 8
29
1 11 56 5
2 3 39 6
3 8 65 3
4 7 94 9
5 3 29 3
6 2 41 2
7 5 55 7
8 5 24 4
9 2 65 4
10 2 76 9
11 1 62 3
12 11 47 7
13 3 48 8
14 1 99 4
15 6 57 9
16 1 56 1
17 6 60 3
18 6 63 3
19 5 19 2
20 4 27 3
21 11 65 6
22 4 18 9
23 7 41 5
24 8 25 2
25 7 31 2
26 8 49 2
27 6 61 3
28 10 52 5
29 5 87 4
40
1 8 37 8
2 7 2 3
3 10 17 2
4 3 56 7
5 10 78 8
6 4 9 8
7 11 57 7
8 4 16 9
9 11 68 3
10 4 55 6
11 3 79 5
12 4 16 7
13 5 98 4
14 9 93 1
15 7 36 3
16 7 52 4
17 4 92 4
18 3 53 3
19 8 82 4
20 7 49 6
21 4 89 8
22 3 12 1
23 7 88 2
24 6 32 9
25 8 5 8
26 10 72 1
27 4 48 4
28 7 3 6
29 3 67 5
30 5 34 8
31 10 14 7
32 8 39 4
33 7 14 6
34 4 49 5
35 2 1 7
36 4 46 5
37 9 93 1
38 10 98 4
39 10 75 6
40 9 89 7
28
1 1 76 5
2 6 15 8
3 1 28 3
4 4 75 5
5 3 75 9
6 7 21 5
7 2 12 5
8 1 10 8
9 8 82 3
10 5 71 9
11 3 65 6
12 1 36 3
13 4 63 2
14 8 30 3
15 5 11 3
16 11 15 7
17 7 98 8
18 8 16 2
19 6 61 7
20 9 24 5
21 11 27 2
22 9 92 4
23 10 46 1
24 6 4 5
25 2 6 2
26 11 1 1
27 3 8 9
28 11 91 9
16
1 8 73 5
2 5 96 9
3 4 21 2
4 2 13 3
5 11 59 1
6 3 60 5
7 3 63 6
8 2 63 4
9 2 68 2
10 1 57 1
11 2 70 8
12 8 77 9
13 2 15 6
14 11 87 1
15 2 25 1
16 3 74 5
45
1 9 67 6
2 10 28 7
3 10 93 8
4 10 51 7
5 1 21 5
6 6 97 3
7 8 10 8
8 7 97 6
9 6 20 6
10 6 91 8
11 10 51 2
12 10 29 8
13 2 81 1
14 7 85 2
15 2 61 9
16 9 45 6
17 5 59 4
18 1 82 7
19 7 76 6
20 4 56 7
21 7 10 9
22 11 16 6
23 6 52 2
24 8 98 1
25 4 41 3
26 7 45 6
27 7 66 4
28 8 79 2
29 10 76 5
30 8 1 8
31 7 52 3
32 5 3 9
33 9 77 8
34 6 66 5
35 2 22 4
36 8 63 8
37 8 84 1
38 5 94 4
39 7 87 8
40 5 86 5
41 3 77 2
42 10 13 7
43 2 19 8
44 10 75 7
45 7 69 5
20
1 9 57 3
2 5 39 1
3 9 32 4
4 4 19 9
5 6 3 5
6 6 78 4
7 5 90 8
8 4 7 7
9 11 82 4
10 6 49 6
11 1 6 8
12 2 85 9
13 8 89 8
14 4 88 3
15 11 36 8
16 3 38 8
17 3 9 2
18 2 76 3
19 9 26 2
20 11 31 2
19
1 1 19 1
2 2 4 9
3 7 90 7
4 10 77 1
5 8 11 6
6 10 48 4
7 10 55 6
8 9 31 6
9 6 54 6
10 3 83 5
11 7 92 7
12 3 19 3
13 4 24 6
14 6 76 9
15 3 25 5
16 2 1 3
17 4 58 8
18 3 89 2
19 9 94 6
13
1 9 99 6
2 4 89 3
3 4 6 3
4 7 29 8
5 10 3 8
6 1 27 3
7 1 26 4
8 4 81 2
9 4 68 3
10 10 60 9
11 4 2 3
12 1 2 7
13 1 95 3
33
1 10 99 3
2 9 1 1
3 7 25 2
4 7 50 5
5 8 30 6
6 11 97 7
7 8 58 6
8 9 59 6
9 10 61 1
10 8 54 1
11 3 29 3
12 1 55 8
13 1 2 4
14 3 40 6
15 7 43 6
16 3 58 6
17 9 88 8
18 11 64 8
19 2 53 2
20 5 80 8
21 3 27 4
22 7 25 6
23 6 28 8
24 5 25 9
25 9 82 2
26 8 6 6
27 8 57 8
28 6 17 1
29 1 63 8
30 10 59 8
31 10 78 7
32 3 20 8
33 4 81 8
23
1 4 42 7
2 1 24 6
3 6 28 3
4 1 84 1
5 6 98 8
6 6 61 5
7 2 18 3
8 10 96 1
9 10 14 6
10 2 93 2
11 9 79 7
12 4 66 2
13 4 77 3
14 9 30 2
15 2 2 5
16 11 22 9
17 3 87 2
18 7 40 9
19 1 54 4
20 4 56 6
21 6 71 8
22 7 61 7
23 6 37 7
11
1 6 77 2
2 7 76 5
3 4 97 2
4 4 83 1
5 10 23 1
6 11 75 2
7 1 31 7
8 6 99 4
9 10 61 8
10 4 95 5
11 5 51 2
10
1 5 65 8
2 6 63 7
3 9 44 6
4 5 64 6
5 4 39 5
6 2 67 9
7 5 67 3
8 3 26 1
9 5 21 5
10 9 69 4
48
1 8 54 3
2 2 15 9
3 8 58 5
4 2 22 8
5 3 59 1
6 5 26 1
7 9 90 3
8 10 16 2
9 3 36 4
10 9 4 8
11 9 87 9
12 5 66 2
13 6 8 4
14 8 58 6
15 5 41 9
16 6 5 1
17 10 14 6
18 11 76 7
19 5 89 6
20 5 6 3
21 8 93 6
22 4 92 4
23 4 22 7
24 9 7 2
25 9 6 9
26 5 42 8
27 7 28 7
28 8 79 5
29 6 76 8
30 4 13 9
31 7 81 3
32 10 28 3
33 2 70 3
34 1 62 1
35 8 23 7
36 2 12 2
37 9 54 5
38 3 39 2
39 2 80 3
40 9 16 1
41 10 46 3
42 11 55 5
43 5 12 6
44 6 19 4
45 1 34 6
46 11 96 6
47 11 9 8
48 8 82 1
29
1 1 11 3
2 7 27 2
3 4 70 4
4 3 23 6
5 6 34 2
6 11 50 3
7 10 81 8
8 7 78 3
9 4 86 1
10 9 66 9
11 8 60 7
12 6 88 5
13 10 80 3
14 11 56 4
15 11 30 1
16 9 31 2
17 1 2 4
18 4 83 2
19 4 64 4
20 10 54 1
21 10 42 2
22 1 89 4
23 9 74 5
24 11 48 8
25 11 93 8
26 5 56 1
27 2 49 7
28 2 5 3
29 7 62 3
40
1 1 79 7
2 8 19 8
3 8 9 2
4 3 82 4
5 2 28 2
6 10 19 7
7 4 74 7
8 3 23 2
9 4 26 4
10 11 85 4
11 1 1 6
12 3 98 4
13 10 16 1
14 5 19 1
15 7 36 4
16 1 24 5
17 8 64 1
18 3 92 4
19 3 22 3
20 4 41 8
21 10 28 3
22 10 23 2
23 7 21 1
24 9 12 9
25 6 58 5
26 8 81 9
27 8 27 5
28 5 73 1
29 7 2 9
30 4 72 5
31 11 9 3
32 6 91 9
33 4 36 2
34 2 53 1
35 2 19 8
36 3 63 6
37 6 3 9
38 8 12 1
39 4 9 4
40 5 23 6
38
1 2 94 5
2 5 83 2
3 8 17 1
4 7 67 2
5 6 86 7
6 8 47 3
7 11 47 2
8 8 57 3
9 9 65 4
10 11 85 1
11 7 18 4
12 10 53 7
13 3 90 1
14 8 35 8
15 9 14 1
16 4 89 3
17 4 43 9
18 7 27 9
19 8 74 5
20 6 45 5
21 3 39 7
22 7 81 2
23 2 18 4
24 1 14 7
25 2 50 2
26 3 59 1
27 1 57 8
28 10 81 6
29 2 50 8
30 9 70 1
31 7 31 8
32 1 22 1
33 2 25 1
34 6 56 8
35 6 84 1
36 11 91 8
37 2 27 2
38 1 32 1
31
1 2 84 2
2 8 55 2
3 3 83 7
4 1 5 7
5 11 28 5
6 5 83 3
7 10 68 2
8 7 59 9
9 6 83 9
10 6 14 9
11 8 76 5
12 3 68 9
13 11 63 7
14 6 58 3
15 8 98 1
16 2 18 7
17 6 82 9
18 7 70 5
19 8 51 3
20 1 30 8
21 3 43 3
22 10 94 1
23 11 37 7
24 5 55 4
25 7 19 6
26 5 7 5
27 11 13 6
28 4 79 9
29 8 7 8
30 1 48 4
31 7 42 4
20
1 6 42 6
2 5 76 1
3 7 32 5
4 2 48 8
5 6 53 3
6 4 65 9
7 7 42 8
8 1 48 4
9 11 96 7
10 6 36 1
11 6 3 7
12 3 84 9
13 11 52 6
14 9 77 1
15 1 60 9
16 9 86 3
17 6 1 8
18 3 14 5
19 5 9 7
20 10 89 4
29
1 1 47 5
2 2 31 3
3 1 81 8
4 9 56 7
5 7 16 4
6 5 2 6
7 8 1 2
8 8 12 6
9 1 20 1
10 10 9 2
11 8 39 2
12 10 14 3
13 6 37 9
14 7 79 4
15 7 64 1
16 1 94 6
17 11 33 9
18 11 65 9
19 11 55 5
20 7 74 9
21 4 39 2
22 9 3 4
23 9 99 7
24 2 93 9
25 1 92 3
26 8 61 2
27 2 25 1
28 10 49 1
29 7 51 2
23
1 9 35 5
2 10 72 5
3 6 72 6
4 3 72 3
5 4 65 2
6 5 57 2
7 10 17 2
8 11 39 2
9 8 87 9
10 3 38 1
11 8 77 2
12 7 36 5
13 10 86 9
14 5 32 9
15 8 58 5
16 6 5 4
17 6 22 8
18 9 68 8
19 3 93 4
20 1 66 4
21 3 66 1
22 2 88 6
23 2 58 5
24
1 4 28 3
2 11 85 5
3 4 88 6
4 7 10 4
5 4 76 1
6 6 69 4
7 4 33 6
8 6 98 6
9 6 84 9
10 7 40 5
11 4 59 8
12 7 9 8
13 4 15 5
14 3 18 2
15 10 72 4
16 8 74 4
17 8 25 3
18 6 84 4
19 2 48 3
20 7 77 4
21 2 10 1
22 5 53 7
23 3 75 6
24 6 2 4
28
1 5 49 5
2 10 21 6
3 5 45 6
4 10 27 1
5 11 72 1
6 6 49 2
7 8 57 9
8 10 8 5
9 1 81 1
10 6 82 5
11 3 58 3
12 7 36 7
13 3 6 5
14 3 58 7
15 5 67 5
16 9 15 3
17 11 75 8
18 1 61 6
19 9 62 2
20 1 55 7
21 3 30 4
22 5 43 2
23 8 30 2
24 11 45 8
25 2 47 2
26 11 75 5
27 1 8 1
28 10 83 7
41
1 7 30 4
2 7 84 8
3 8 12 9
4 1 55 8
5 6 82 9
6 3 25 5
7 2 70 6
8 2 43 2
9 11 50 9
10 7 32 6
11 9 80 7
12 5 40 9
13 10 39 3
14 10 46 5
15 7 52 9
16 9 90 9
17 1 23 1
18 2 76 4
19 11 30 5
20 3 16 3
21 10 74 6
22 10 26 1
23 5 74 7
24 8 78 6
25 9 30 2
26 3 29 6
27 4 30 6
28 3 51 3
29 1 26 4
30 7 65 8
31 11 32 6
32 7 59 8
33 10 29 5
34 6 51 3
35 4 79 7
36 1 93 9
37 7 16 9
38 1 16 3
39 6 36 8
40 9 25 6
41 5 10 1
33
1 8 40 8
2 4 67 2
3 10 18 4
4 2 94 1
5 11 85 7
6 5 1 5
7 5 17 5
8 8 52 3
9 6 74 6
10 10 81 4
11 11 51 7
12 5 97 3
13 5 71 1
14 9 69 6
15 3 40 4
16 10 17 2
17 9 57 9
18 3 94 5
19 8 90 3
20 2 22 4
21 5 35 3
22 11 10 5
23 6 89 8
24 10 5 1
25 2 8 4
26 6 81 3
27 9 33 8
28 8 26 4
29 2 46 2
30 2 39 8
31 10 86 7
32 11 27 8
33 8 25 5
49
1 10 1 5
2 9 8 8
3 3 86 8
4 11 20 7
5 6 45 8
6 7 89 8
7 6 28 6
8 4 14 1
9 4 38 9
10 11 60 2
11 7 55 2
12 8 87 1
13 2 13 2
14 11 80 3
15 6 61 3
16 4 66 5
17 4 89 6
18 7 99 5
19 7 15 6
20 11 52 5
21 4 96 8
22 3 6 2
23 10 71 3
24 1 1 7
25 1 55 1
26 4 95 2
27 3 62 9
28 4 22 8
29 1 70 8
30 4 19 1
31 9 62 5
32 5 99 1
33 9 36 1
34 2 59 3
35 11 84 4
36 10 58 8
37 3 67 4
38 8 38 7
39 5 79 9
40 8 32 5
41 2 55 7
42 8 1 3
43 5 53 5
44 6 29 3
45 9 5 1
46 4 37 6
47 7 92 5
48 5 62 9
49 9 41 5
29
1 8 62 9
2 10 17 4
3 6 15 5
4 9 67 9
5 3 93 1
6 11 97 8
7 1 33 5
8 5 25 7
9 9 85 6
10 4 26 8
11 1 69 5
12 5 88 5
13 8 56 6
14 9 45 2
15 9 99 9
16 3 61 8
17 9 27 4
18 6 87 4
19 7 90 2
20 3 7 4
21 4 75 8
22 6 50 1
23 6 55 6
24 4 99 7
25 4 35 2
26 1 67 7
27 7 87 8
28 9 45 4
29 8 53 3
27
1 10 56 2
2 3 29 7
3 6 78 7
4 11 32 1
5 2 29 7
6 5 62 7
7 4 27 4
8 10 12 9
9 7 56 2
10 1 10 4
11 6 72 9
12 4 79 7
13 8 20 6
14 6 3 2
15 4 45 5
16 9 33 9
17 2 44 3
18 6 50 2
19 5 60 2
20 5 1 7
21 1 81 7
22 5 40 8
23 6 81 8
24 1 98 3
25 3 39 8
26 2 93 4
27 10 48 7
33
1 1 48 3
2 5 6 4
3 7 6 8
4 8 84 6
5 1 22 2
6 4 2 1
7 4 97 1
8 5 35 6
9 6 26 1
10 4 73 7
11 11 30 3
12 3 22 2
13 6 39 6
14 10 15 1
15 5 43 5
16 3 43 6
17 2 5 1
18 10 56 4
19 11 47 3
20 1 87 9
21 8 16 3
22 4 80 6
23 4 85 5
24 7 38 8
25 10 24 3
26 8 99 1
27 5 46 5
28 9 38 8
29 7 5 8
30 9 92 5
31 6 4 1
32 10 81 2
33 10 31 4
40
1 7 97 1
2 5 20 3
3 10 19 1
4 3 62 5
5 10 1 1
6 5 3 8
7 1 94 2
8 4 95 2
9 11 76 1
10 9 5 4
11 2 59 7
12 9 95 3
13 4 95 2
14 11 36 2
15 5 91 9
16 3 69 2
17 3 7 8
18 6 9 6
19 1 7 7
20 10 65 4
21 1 69 5
22 3 36 1
23 9 8 7
24 5 81 2
25 5 54 5
26 5 71 4
27 6 33 5
28 1 18 7
29 7 24 4
30 3 27 2
31 10 83 3
32 1 92 8
33 1 69 8
34 8 35 2
35 1 46 3
36 8 5 1
37 1 9 5
38 9 50 5
39 4 26 1
40 5 8 4
16
1 4 22 1
2 3 14 8
3 1 83 4
4 9 18 4
5 7 61 4
6 1 65 4
7 10 74 7
8 7 24 9
9 8 47 9
10 10 54 4
11 5 52 7
12 4 14 2
13 5 97 2
14 8 62 4
15 1 2 8
16 6 93 4
39
1 4 65 7
2 8 86 6
3 2 33 6
4 11 85 7
5 4 37 4
6 6 49 6
7 8 44 5
8 4 6 8
9 4 5 6
10 7 97 7
11 11 86 3
12 7 28 8
13 4 40 7
14 2 10 2
15 7 50 9
16 8 71 8
17 1 21 5
18 9 82 6
19 1 58 1
20 5 28 6
21 1 10 3
22 9 96 9
23 1 75 7
24 8 40 2
25 4 28 7
26 7 97 2
27 11 18 6
28 7 42 7
29 9 31 3
30 9 18 4
31 3 91 9
32 1 18 7
33 8 78 3
34 3 6 3
35 7 82 4
36 11 47 6
37 6 42 5
38 1 12 3
39 7 59 9
49
1 1 77 6
2 4 68 5
3 2 83 9
4 8 60 3
5 8 63 5
6 4 45 8
7 1 90 3
8 6 30 5
9 4 41 5
10 11 97 4
11 2 83 3
12 10 78 8
13 10 40 3
14 2 60 1
15 6 64 2
16 11 88 6
17 1 18 3
18 2 2 8
19 7 15 2
20 1 10 5
21 9 91 4
22 1 98 6
23 2 73 8
24 8 54 2
25 10 53 9
26 7 20 5
27 6 31 1
28 10 56 3
29 11 84 5
30 4 42 2
31 11 90 4
32 2 3 6
33 11 46 5
34 4 1 5
35 2 27 8
36 8 85 5
37 5 21 5
38 11 21 5
39 11 17 3
40 5 45 9
41 2 3 2
42 1 70 6
43 2 29 6
44 1 14 7
45 1 84 4
46 3 5 9
47 9 64 5
48 7 75 3
49 3 41 8
41
1 1 5 3
2 11 5 4
3 1 74 8
4 2 2 4
5 2 13 8
6 1 94 3
7 3 99 9
8 11 61 2
9 4 36 2
10 7 76 8
11 10 51 3
12 3 35 1
13 6 96 7
14 11 97 6
15 1 78 7
16 11 24 7
17 6 75 3
18 3 94 8
19 8 67 4
20 8 38 8
21 4 31 9
22 9 11 4
23 10 33 1
24 4 56 8
25 1 81 8
26 10 4 8
27 9 51 1
28 4 32 2
29 10 69 7
30 8 13 2
31 1 19 6
32 7 94 6
33 5 40 4
34 4 30 3
35 5 62 1
36 6 49 1
37 9 84 3
38 3 67 8
39 10 56 5
40 1 82 5
41 11 24 6
45
1 8 33 2
2 10 72 3
3 3 99 5
4 7 59 4
5 1 7 2
6 7 90 4
7 7 57 2
8 5 11 6
9 3 91 1
10 2 15 4
11 7 42 8
12 6 69 4
13 9 90 8
14 9 91 1
15 10 38 9
16 5 14 7
17 4 77 8
18 4 82 5
19 3 45 1
20 3 21 1
21 5 91 4
22 2 48 3
23 2 19 6
24 3 81 2
25 3 98 8
26 7 32 1
27 8 92 3
28 7 22 5
29 9 31 6
30 9 40 8
31 8 88 4
32 8 7 3
33 11 67 7
34 6 66 9
35 9 62 8
36 5 63 2
37 2 56 5
38 5 94 3
39 4 90 1
40 1 32 8
41 6 33 6
42 3 35 2
43 10 4 3
44 8 28 9
45 5 98 5
11
1 6 8 7
2 7 61 2
3 9 55 4
4 1 43 5
5 11 73 1
6 5 6 6
7 7 39 7
8 3 42 7
9 10 69 4
10 2 65 8
11 2 18 7
10
1 4 45 1
2 2 97 3
3 2 40 5
4 10 11 5
5 1 17 8
6 6 55 3
7 6 94 8
8 3 61 2
9 4 26 1
10 5 43 5
