39
21
1 2 34 7
2 2 37 3
3 3 33 8
4 4 32 7
5 9 60 7
6 5 37 9
7 1 61 5
8 10 47 7
9 2 56 9
10 1 49 5
11 2 20 2
12 3 31 8
13 4 63 1
14 3 13 4
15 10 64 5
16 3 18 6
17 4 32 1
18 10 81 6
19 10 6 6
20 11 18 3
21 4 62 4
17
1 3 27 6
2 6 87 4
3 8 1 6
4 4 64 8
5 6 80 4
6 8 10 4
7 4 88 8
8 2 94 2
9 1 10 3
10 3 69 4
11 1 63 3
12 6 91 7
13 4 69 1
14 4 58 7
15 11 6 1
16 2 90 9
17 11 95 3
26
1 11 35 5
2 9 42 7
3 11 11 1
4 10 73 3
5 2 63 7
6 5 32 7
7 7 90 2
8 6 93 9
9 5 83 9
10 2 77 2
11 11 54 9
12 11 24 1
13 8 42 8
14 6 42 3
15 10 75 5
16 6 36 2
17 3 89 7
18 2 43 5
19 6 69 3
20 9 69 8
21 8 23 8
22 4 39 7
23 3 11 1
24 9 20 3
25 6 88 3
26 3 15 5
31
1 6 1 3
2 5 44 7
3 10 11 7
4 7 79 5
5 2 1 1
6 3 39 6
7 6 47 4
8 1 67 6
9 7 53 8
10 7 67 1
11 8 69 7
12 8 82 5
13 5 77 6
14 5 79 8
15 4 52 7
16 2 93 5
17 6 42 1
18 8 45 7
19 6 26 7
20 3 60 3
21 1 67 4
22 1 44 4
23 5 84 8
24 4 62 5
25 3 30 9
26 11 88 8
27 2 62 1
28 11 14 3
29 9 45 5
30 1 38 6
31 6 4 9
47
1 8 91 7
2 10 73 3
3 1 35 8
4 3 64 5
5 11 53 3
6 2 13 4
7 1 24 6
8 9 68 8
9 8 6 4
10 11 7 4
11 1 47 8
12 3 41 9
13 8 12 8
14 7 61 4
15 5 90 2
16 11 37 4
17 10 85 4
18 11 84 2
19 1 33 2
20 4 99 3
21 11 14 4
22 2 93 3
23 9 28 1
24 7 83 7
25 1 85 2
26 3 43 2
27 4 9 5
28 1 82 4
29 7 83 7
30 6 92 2
31 4 57 6
32 6 66 1
33 8 94 8
34 1 71 9
35 6 63 6
36 2 19 1
37 10 50 6
38 7 78 5
39 11 73 4
40 3 38 1
41 6 78 5
42 5 40 3
43 4 65 2
44 7 62 9
45 11 95 7
46 5 48 9
47 1 60 5
24
1 10 48 8
2 9 21 2
3 9 57 1
4 1 35 3
5 5 74 3
6 9 37 5
7 4 99 2
8 4 92 8
9 8 38 6
10 7 96 8
11 8 13 8
12 10 13 2
13 8 58 2
14 7 4 5
15 6 25 4
16 11 81 4
17 4 64 2
18 3 43 8
19 4 73 3
20 8 51 7
21 4 85 8
22 4 60 8
23 5 41 4
24 5 88 6
44
1 8 65 1
2 7 46 2
3 10 9 4
4 10 49 2
5 11 20 2
6 8 70 8
7 9 56 5
8 1 14 3
9 3 52 4
10 5 40 8
11 11 57 5
12 7 67 1
13 7 7 5
14 4 54 5
15 6 89 4
16 3 25 9
17 6 27 7
18 4 18 5
19 4 38 7
20 11 81 9
21 5 76 6
22 6 20 2
23 6 49 6
24 11 99 7
25 7 91 9
26 7 88 5
27 7 49 6
28 11 42 5
29 7 47 9
30 9 1 7
31 1 42 9
32 10 32 2
33 5 18 1
34 10 6 2
35 7 42 2
36 7 44 9
37 6 83 3
38 10 14 2
39 6 49 1
40 8 35 1
41 8 15 9
42 3 43 9
43 1 86 2
44 7 51 5
47
1 8 28 7
2 3 69 5
3 6 53 5
4 2 66 6
5 7 13 5
6 1 47 5
7 6 61 5
8 8 3 2
9 7 88 3
10 2 40 7
11 10 26 2
12 4 10 6
13 7 77 7
14 2 36 5
15 10 13 6
16 11 71 4
17 11 55 4
18 4 84 2
19 6 93 3
20 5 71 4
21 11 99 3
22 2 49 8
23 11 82 1
24 9 3 1
25 11 63 1
26 10 55 2
27 3 76 5
28 1 59 3
29 5 70 3
30 9 92 7
31 2 11 8
32 11 54 3
33 4 91 7
34 6 71 7
35 9 61 4
36 5 71 4
37 2 48 1
38 11 48 7
39 2 75 4
40 3 19 1
41 4 15 8
42 3 89 3
43 11 50 1
44 11 73 6
45 4 94 3
46 9 24 1
47 1 33 4
14
1 5 61 1
2 6 36 2
3 6 54 2
4 10 68 7
5 1 55 9
6 11 4 7
7 10 76 2
8 1 68 4
9 7 91 3
10 7 22 6
11 9 92 9
12 1 21 3
13 3 12 4
14 11 45 1
17
1 10 87 7
2 10 90 2
3 6 64 3
4 6 32 7
5 11 22 9
6 6 43 3
7 1 34 1
8 1 54 3
9 2 63 4
10 1 7 2
11 10 2 2
12 6 93 9
13 5 33 7
14 2 73 3
15 10 43 2
16 9 90 5
17 5 63 1
30
1 4 24 1
2 5 86 2
3 5 90 2
4 2 91 3
5 5 83 2
6 10 14 6
7 11 86 6
8 9 27 7
9 4 15 1
10 9 76 8
11 11 38 6
12 1 57 8
13 8 29 3
14 9 22 8
15 10 39 4
16 4 99 2
17 6 59 7
18 1 19 7
19 5 80 3
20 6 69 8
21 4 83 3
22 8 34 9
23 8 1 2
24 3 87 2
25 1 90 9
26 6 89 1
27 3 33 4
28 5 93 2
29 1 66 6
30 3 92 6
17
1 5 83 4
2 1 18 1
3 6 16 3
4 9 1 2
5 7 91 1
6 10 78 8
7 2 11 9
8 6 2 1
9 4 68 4
10 4 60 7
11 6 97 5
12 11 25 6
13 6 70 2
14 8 51 5
15 9 76 3
16 9 38 3
17 9 35 1
25
1 2 52 8
2 5 20 9
3 8 77 7
4 11 74 2
5 10 97 7
6 3 65 7
7 10 15 2
8 5 90 3
9 2 27 5
10 11 61 3
11 6 22 9
12 2 48 4
13 11 7 1
14 8 70 4
15 3 49 3
16 11 46 9
17 7 91 6
18 10 55 4
19 1 95 1
20 3 43 5
21 8 67 3
22 7 97 9
23 9 86 6
24 4 98 8
25 7 71 9
19
1 8 31 8
2 3 20 2
3 11 74 3
4 9 67 3
5 11 10 5
6 5 76 7
7 1 71 7
8 7 55 1
9 10 51 6
10 4 23 5
11 2 91 7
12 8 56 7
13 6 83 9
14 11 14 9
15 1 18 1
16 8 23 5
17 7 9 7
18 9 72 9
19 9 85 7
21
1 10 46 8
2 9 37 4
3 3 90 1
4 8 74 7
5 6 87 6
6 6 3 4
7 2 23 6
8 6 31 2
9 2 2 1
10 8 86 5
11 9 82 1
12 11 31 1
13 3 74 9
14 5 80 5
15 1 20 1
16 8 3 9
17 8 36 8
18 9 37 9
19 6 89 3
20 5 47 6
21 2 2 6
29
1 10 92 3
2 10 67 9
3 3 45 4
4 1 63 5
5 6 65 2
6 3 98 9
7 9 33 9
8 1 21 9
9 6 67 6
10 7 66 9
11 2 95 3
12 4 31 6
13 4 78 8
14 2 46 1
15 9 2 6
16 6 90 4
17 4 6 2
18 2 59 8
19 11 35 1
20 9 41 8
21 8 34 5
22 2 2 2
23 8 27 9
24 8 63 7
25 9 48 1
26 9 22 6
27 8 48 8
28 2 20 6
29 3 27 6
43
1 10 56 7
2 4 88 3
3 5 89 2
4 2 16 9
5 9 76 6
6 5 23 4
7 2 44 1
8 9 90 8
9 8 10 2
10 10 36 5
11 3 88 9
12 2 43 7
13 10 69 3
14 10 5 6
15 1 26 3
16 8 75 9
17 6 55 2
18 4 69 2
19 5 52 7
20 3 56 9
21 3 1 7
22 2 70 7
23 9 43 9
24 10 30 2
25 3 13 6
26 5 21 5
27 2 84 5
28 10 20 9
29 1 52 5
30 8 60 1
31 6 57 4
32 4 98 1
33 7 70 3
34 4 61 1
35 11 84 3
36 10 14 2
37 9 71 1
38 2 97 9
39 10 84 2
40 6 39 1
41 8 94 1
42 10 39 8
43 6 14 2
21
1 7 89 5
2 4 74 5
3 3 87 5
4 9 58 5
5 10 54 3
6 8 38 2
7 1 74 3
8 8 67 1
9 4 6 9
10 9 19 8
11 5 3 7
12 5 61 6
13 10 20 2
14 7 77 2
15 7 86 6
16 5 69 9
17 9 96 7
18 4 97 1
19 4 94 4
20 9 81 5
21 3 96 6
28
1 5 65 2
2 3 83 2
3 9 58 1
4 3 42 7
5 7 11 6
6 3 6 1
7 6 3 8
8 9 96 2
9 4 77 5
10 6 71 1
11 8 70 4
12 4 44 8
13 9 54 6
14 9 40 1
15 6 43 1
16 6 50 2
17 11 57 1
18 11 21 6
19 7 61 4
20 4 23 6
21 8 43 1
22 11 32 4
23 9 82 7
24 5 47 3
25 11 27 5
26 7 64 6
27 1 73 3
28 11 31 2
48
1 1 65 7
2 2 88 1
3 7 31 8
4 4 62 9
5 1 42 6
6 3 88 7
7 2 15 2
8 6 78 5
9 4 49 5
10 4 77 4
11 10 2 7
12 9 54 3
13 6 79 3
14 1 79 2
15 5 39 7
16 2 97 6
17 11 42 2
18 3 64 8
19 4 59 1
20 6 26 7
21 6 57 1
22 5 23 6
23 4 59 8
24 5 79 9
25 4 29 6
26 8 16 9
27 5 80 9
28 3 7 5
29 11 23 5
30 2 20 7
31 3 2 6
32 5 35 4
33 3 4 9
34 5 40 5
35 6 97 4
36 10 24 2
37 3 5 9
38 6 53 3
39 10 48 4
40 8 36 8
41 5 93 2
42 4 23 5
43 3 76 1
44 7 33 2
45 11 71 7
46 8 27 4
47 8 98 8
48 1 26 8
46
1 5 77 3
2 10 11 1
3 3 5 9
4 4 27 4
5 7 1 5
6 2 34 6
7 10 5 4
8 4 29 5
9 11 28 3
10 1 51 8
11 7 26 8
12 6 25 7
13 4 51 4
14 8 62 1
15 10 39 9
16 8 15 7
17 6 7 5
18 10 57 7
19 4 21 2
20 7 36 9
21 2 43 1
22 4 5 5
23 6 96 1
24 10 6 8
25 5 39 3
26 8 18 7
27 10 94 7
28 5 18 8
29 4 64 9
30 1 7 1
31 3 79 8
32 10 54 2
33 1 43 9
34 9 48 1
35 1 95 1
36 7 82 9
37 2 41 5
38 6 73 6
39 1 10 6
40 9 73 9
41 4 15 9
42 3 61 7
43 11 31 6
44 7 75 9
45 11 57 9
46 6 11 2
41
1 1 15 5
2 6 88 1
3 6 97 4
4 1 68 4
5 2 83 3
6 5 44 9
7 2 73 4
8 8 48 3
9 7 3 2
10 11 13 1
11 7 60 9
12 9 40 3
13 8 98 9
14 3 2 5
15 4 47 8
16 9 81 3
17 7 48 6
18 2 86 7
19 3 41 6
20 5 93 8
21 4 47 9
22 9 93 7
23 4 47 9
24 11 76 8
25 1 63 1
26 4 63 5
27 7 86 4
28 8 82 5
29 3 49 4
30 8 81 7
31 2 53 1
32 2 76 2
33 6 39 4
34 6 36 5
35 5 36 4
36 10 20 5
37 5 33 5
38 11 44 7
39 4 3 3
40 6 7 7
41 9 70 5
39
1 4 45 6
2 7 81 8
3 2 17 1
4 4 50 4
5 2 70 9
6 4 1 4
7 4 44 9
8 5 46 9
9 11 51 6
10 6 19 2
11 10 70 4
12 8 59 7
13 1 39 2
14 4 69 6
15 10 48 3
16 11 59 7
17 11 31 4
18 8 73 1
19 8 40 7
20 3 77 5
21 10 71 9
22 11 4 2
23 1 3 4
24 6 72 1
25 9 74 2
26 10 35 9
27 2 66 5
28 8 55 6
29 3 43 8
30 10 47 6
31 7 35 3
32 10 55 5
33 2 83 1
34 4 38 5
35 9 66 8
36 5 36 3
37 5 49 8
38 2 44 8
39 1 69 7
43
1 7 8 1
2 3 43 3
3 1 97 5
4 11 80 5
5 3 19 1
6 10 82 6
7 1 19 6
8 5 65 5
9 6 9 3
10 4 78 7
11 11 51 6
12 8 24 8
13 6 64 5
14 1 94 5
15 1 74 1
16 8 32 2
17 2 47 2
18 7 49 3
19 5 6 9
20 3 46 9
21 1 51 7
22 7 67 3
23 6 15 7
24 3 17 4
25 6 97 8
26 2 53 2
27 1 52 5
28 1 1 8
29 5 63 3
30 10 60 7
31 9 57 5
32 5 59 6
33 3 9 1
34 7 3 8
35 10 18 4
36 7 73 4
37 3 50 6
38 10 64 9
39 10 84 6
40 4 17 6
41 9 37 6
42 10 97 1
43 1 16 9
43
1 9 54 3
2 5 71 7
3 1 42 8
4 3 89 4
5 1 53 1
6 9 35 4
7 1 51 9
8 7 88 3
9 6 83 4
10 4 96 1
11 1 54 9
12 8 67 8
13 10 27 5
14 5 55 3
15 5 19 2
16 11 31 8
17 2 10 4
18 8 21 2
19 5 78 3
20 10 58 1
21 7 57 6
22 3 83 2
23 1 40 9
24 5 86 4
25 4 33 3
26 11 85 1
27 6 14 4
28 4 49 5
29 11 76 9
30 10 40 6
31 1 91 7
32 3 81 7
33 6 80 6
34 10 29 6
35 7 12 6
36 4 84 4
37 9 78 5
38 10 44 4
39 3 68 6
40 11 38 2
41 6 42 8
42 6 38 1
43 9 88 9
37
1 4 69 4
2 10 80 7
3 1 64 2
4 7 40 4
5 5 82 8
6 8 50 4
7 5 85 3
8 10 28 1
9 3 65 9
10 11 51 6
11 9 72 6
12 1 61 2
13 1 69 7
14 10 81 2
15 3 88 2
16 7 98 7
17 11 98 3
18 7 34 9
19 10 6 8
20 6 92 6
21 2 15 9
22 5 79 9
23 8 22 8
24 10 57 5
25 1 22 5
26 9 89 4
27 6 17 5
28 4 96 2
29 2 13 5
30 7 25 8
31 9 79 6
32 1 40 2
33 2 92 3
34 10 96 8
35 11 90 1
36 9 57 9
37 7 43 5
26
1 3 18 6
2 4 28 1
3 9 53 7
4 4 30 1
5 4 69 2
6 3 62 3
7 1 56 8
8 9 46 8
9 6 3 7
10 11 43 1
11 1 74 5
12 5 29 7
13 10 96 2
14 7 25 9
15 3 24 4
16 4 71 4
17 10 6 8
18 10 47 3
19 10 9 5
20 1 88 5
21 9 90 8
22 5 49 1
23 9 6 4
24 4 84 2
25 4 34 5
26 5 73 9
40
1 1 90 7
2 8 38 9
3 6 44 2
4 5 30 7
5 11 18 3
6 4 66 2
7 10 69 5
8 2 54 6
9 5 87 8
10 8 58 7
11 4 1 8
12 5 43 4
13 7 34 5
14 4 31 2
15 9 4 6
16 4 50 6
17 2 88 5
18 4 92 2
19 11 63 8
20 7 68 2
21 10 37 8
22 8 58 2
23 5 63 5
24 5 80 5
25 11 86 4
26 3 26 1
27 9 75 1
28 8 3 5
29 11 1 7
30 6 81 4
31 5 34 2
32 8 42 7
33 9 46 1
34 3 87 1
35 3 88 9
36 9 70 5
37 11 96 3
38 8 37 7
39 8 41 4
40 6 96 7
31
1 6 95 5
2 11 38 3
3 6 83 1
4 8 68 9
5 11 56 8
6 6 25 3
7 5 21 5
8 2 55 1
9 7 93 4
10 2 90 1
11 8 47 3
12 4 74 3
13 8 21 2
14 11 65 4
15 2 18 2
16 11 91 1
17 11 48 2
18 9 39 7
19 6 6 3
20 11 49 2
21 10 42 6
22 1 88 8
23 9 53 9
24 5 54 1
25 3 99 8
26 7 72 3
27 9 82 5
28 11 15 6
29 5 53 8
30 9 79 3
31 2 57 4
38
1 1 41 9
2 7 91 6
3 11 45 6
4 11 44 2
5 5 16 5
6 11 98 7
7 10 13 3
8 2 63 1
9 10 42 1
10 9 96 4
11 6 77 6
12 11 65 2
13 2 25 1
14 3 90 4
15 11 47 8
16 5 8 4
17 1 1 2
18 11 9 4
19 7 9 4
20 4 65 6
21 11 86 7
22 11 60 9
23 7 87 3
24 9 35 4
25 8 87 4
26 10 16 8
27 6 43 8
28 5 26 2
29 11 30 4
30 6 62 2
31 4 75 3
32 10 9 9
33 2 57 7
34 11 58 1
35 10 59 2
36 7 73 5
37 11 98 3
38 7 45 2
19
1 9 60 3
2 4 20 2
3 5 92 5
4 4 2 2
5 5 58 9
6 2 14 9
7 10 73 8
8 5 46 3
9 2 43 6
10 9 87 5
11 8 61 3
12 10 87 1
13 7 89 2
14 10 64 7
15 11 70 3
16 11 94 3
17 3 11 4
18 7 41 1
19 6 8 5
24
1 3 1 3
2 8 61 3
3 6 48 3
4 10 38 3
5 7 99 7
6 4 69 1
7 4 63 3
8 4 73 4
9 8 12 4
10 2 19 6
11 4 56 6
12 4 20 1
13 7 50 9
14 10 77 2
15 1 29 8
16 11 74 1
17 2 11 8
18 9 5 7
19 3 69 7
20 3 84 4
21 9 33 7
22 7 33 8
23 4 59 6
24 7 5 5
42
1 4 99 1
2 4 71 8
3 3 82 6
4 10 84 1
5 1 52 7
6 1 36 9
7 9 68 6
8 2 98 3
9 6 56 8
10 10 60 1
11 3 15 3
12 2 12 1
13 4 87 9
14 8 34 2
15 2 65 3
16 9 73 6
17 9 59 3
18 10 25 7
19 6 30 6
20 6 83 7
21 10 31 4
22 1 11 2
23 10 37 6
24 8 82 7
25 8 91 9
26 7 24 1
27 2 52 8
28 5 4 8
29 5 25 7
30 2 11 4
31 7 33 7
32 2 86 4
33 10 46 3
34 11 87 7
35 2 95 9
36 5 22 1
37 4 2 4
38 9 98 1
39 10 12 3
40 1 96 6
41 10 12 3
42 9 69 8
13
1 8 17 8
2 8 2 4
3 9 94 3
4 11 16 3
5 4 16 4
6 10 14 4
7 9 23 5
8 7 19 1
9 3 29 2
10 9 95 9
11 2 74 5
12 5 5 3
13 6 59 5
13
1 10 3 5
2 11 18 6
3 9 29 1
4 4 51 3
5 9 67 3
6 11 95 4
7 9 91 4
8 8 63 6
9 1 67 8
10 6 24 3
11 3 1 9
12 5 69 5
13 9 76 2
41
1 7 32 6
2 2 99 7
3 2 94 1
4 8 83 2
5 2 46 7
6 2 11 3
7 5 34 4
8 5 32 1
9 10 99 6
10 7 75 7
11 9 34 7
12 7 13 2
13 4 11 1
14 8 31 4
15 2 8 2
16 2 2 3
17 10 39 6
18 11 75 4
19 7 53 4
20 6 23 3
21 2 64 1
22 2 29 3
23 1 92 3
24 11 39 2
25 8 29 4
26 5 22 3
27 4 61 4
28 7 82 9
29 4 23 7
30 11 34 7
31 11 95 7
32 6 43 2
33 10 70 9
34 11 71 8
35 3 28 9
36 9 82 8
37 6 47 8
38 11 55 8
39 3 33 8
40 1 84 7
41 10 79 9
24
1 3 12 8
2 11 80 5
3 10 49 3
4 11 76 2
5 6 57 9
6 1 4 5
7 9 57 1
8 11 89 7
9 9 71 4
10 7 50 1
11 11 1 9
12 10 14 6
13 1 86 9
14 5 50 3
15 2 38 5
16 3 86 6
17 4 68 5
18 3 29 9
19 3 67 2
20 5 4 6
21 10 19 7
22 8 24 2
23 10 13 4
24 6 24 1
13
1 1 37 8
2 1 21 4
3 4 89 7
4 5 16 6
5 5 80 5
6 10 82 1
7 6 1 8
8 3 23 9
9 10 35 2
10 4 56 9
11 3 73 5
12 5 47 6
13 3 89 1
21
1 7 15 2
2 1 92 7
3 10 74 7
4 4 75 3
5 6 95 1
6 5 30 2
7 8 83 1
8 9 56 3
9 11 2 8
10 11 88 6
11 10 18 9
12 11 58 4
13 3 37 5
14 11 92 9
15 6 2 4
16 10 48 8
17 6 73 7
18 11 57 1
19 10 64 2
20 9 51 6
21 8 21 8
