72
24
1 1 89 8
2 2 24 2
3 7 73 4
4 4 29 8
5 8 17 6
6 11 36 7
7 4 35 3
8 8 11 3
9 4 36 8
10 10 89 4
11 8 34 9
12 7 42 7
13 6 81 3
14 1 26 6
15 5 11 5
16 10 62 5
17 11 27 2
18 1 2 8
19 9 99 8
20 1 64 6
21 1 18 1
22 10 4 1
23 8 51 6
24 11 1 1
45
1 7 9 5
2 4 71 9
3 3 97 9
4 1 98 5
5 10 96 3
6 8 58 8
7 8 76 6
8 5 77 6
9 1 29 1
10 9 29 1
11 8 96 3
12 5 84 8
13 9 65 2
14 4 33 4
15 1 33 1
16 6 66 4
17 8 26 9
18 4 93 5
19 4 75 4
20 8 48 6
21 3 14 8
22 8 92 9
23 3 39 7
24 11 40 8
25 8 92 6
26 8 32 7
27 7 75 3
28 8 77 8
29 1 34 2
30 9 21 2
31 1 35 5
32 2 86 9
33 5 47 9
34 8 8 6
35 4 65 8
36 5 18 7
37 4 20 6
38 10 45 4
39 9 72 3
40 9 28 5
41 7 40 6
42 6 3 1
43 4 99 6
44 4 95 5
45 11 20 5
38
1 11 25 8
2 1 42 3
3 10 84 6
4 6 56 8
5 3 82 1
6 8 22 5
7 2 22 5
8 5 22 9
9 9 15 2
10 6 34 6
11 2 40 9
12 2 58 8
13 10 45 3
14 6 41 9
15 4 69 3
16 8 89 4
17 5 82 1
18 5 18 2
19 2 1 1
20 5 76 5
21 4 83 1
22 8 90 7
23 10 36 3
24 8 45 8
25 4 63 5
26 4 66 3
27 4 57 8
28 9 29 1
29 4 18 4
30 3 68 2
31 1 84 4
32 6 90 7
33 5 27 4
34 8 79 9
35 6 3 9
36 2 75 4
37 10 19 3
38 9 54 5
37
1 2 42 3
2 4 10 2
3 2 91 3
4 8 82 9
5 10 9 3
6 6 86 2
7 11 88 9
8 10 61 1
9 8 79 1
10 6 33 6
11 8 34 8
12 5 6 1
13 4 9 4
14 6 35 3
15 8 36 4
16 4 8 5
17 1 86 3
18 11 77 6
19 5 69 7
20 4 36 5
21 2 68 9
22 2 57 9
23 7 69 8
24 4 54 8
25 4 48 7
26 4 23 4
27 11 97 3
28 7 49 1
29 4 19 3
30 4 3 1
31 4 27 4
32 5 35 4
33 4 32 7
34 7 12 1
35 3 54 2
36 6 65 7
37 6 31 3
46
1 7 50 3
2 11 66 3
3 3 68 3
4 7 92 4
5 9 25 5
6 2 56 3
7 8 67 3
8 10 20 2
9 2 82 8
10 5 11 8
11 6 49 8
12 9 95 9
13 6 32 5
14 5 72 1
15 8 58 3
16 11 42 1
17 11 78 8
18 10 61 5
19 7 14 3
20 9 65 2
21 8 36 3
22 11 15 5
23 6 62 1
24 4 72 7
25 9 2 6
26 10 65 2
27 5 45 6
28 6 74 5
29 11 40 3
30 1 39 1
31 10 77 1
32 10 1 2
33 2 71 5
34 8 59 5
35 2 55 3
36 3 81 4
37 10 96 8
38 8 64 7
39 4 4 6
40 8 92 5
41 1 47 7
42 9 10 6
43 7 75 8
44 11 80 1
45 4 89 3
46 3 63 3
19
1 5 89 5
2 10 51 3
3 1 52 6
4 6 45 1
5 6 89 5
6 4 97 8
7 10 72 6
8 10 50 6
9 11 39 6
10 11 2 7
11 4 41 7
12 2 43 5
13 9 48 8
14 5 10 3
15 3 50 7
16 4 19 4
17 10 87 3
18 4 81 3
19 10 4 3
20
1 9 46 1
2 2 86 5
3 1 29 7
4 9 74 6
5 1 81 8
6 3 29 3
7 4 47 7
8 2 34 9
9 6 13 9
10 2 16 2
11 3 68 6
12 4 63 8
13 10 97 4
14 5 46 7
15 10 8 3
16 2 28 4
17 6 86 3
18 8 92 6
19 6 55 6
20 8 36 2
14
1 8 91 4
2 10 52 2
3 8 47 5
4 11 92 1
5 7 99 3
6 7 26 4
7 1 10 5
8 9 3 1
9 3 55 4
10 10 91 3
11 9 4 9
12 11 57 5
13 5 78 9
14 8 96 3
16
1 8 11 6
2 3 34 8
3 4 43 1
4 10 45 1
5 1 1 2
6 9 89 4
7 6 90 1
8 3 47 6
9 7 23 3
10 3 17 5
11 3 14 8
12 11 82 6
13 9 82 1
14 7 35 4
15 6 88 7
16 6 26 2
47
1 3 38 8
2 3 82 2
3 10 6 4
4 10 22 6
5 1 33 5
6 9 13 8
7 6 94 8
8 2 27 9
9 5 15 6
10 10 40 8
11 11 46 5
12 2 65 9
13 6 22 3
14 9 72 1
15 7 11 6
16 4 61 6
17 6 95 2
18 9 83 4
19 3 8 3
20 4 49 6
21 9 24 2
22 10 68 6
23 8 86 8
24 5 4 5
25 9 52 5
26 8 75 6
27 3 49 2
28 7 88 2
29 11 52 8
30 7 3 1
31 9 85 3
32 10 34 7
33 10 33 2
34 5 82 8
35 6 3 3
36 2 24 7
37 11 62 8
38 2 7 2
39 11 84 7
40 7 10 8
41 10 22 3
42 4 64 2
43 5 2 3
44 2 53 8
45 4 91 6
46 6 23 7
47 7 12 2
27
1 6 94 3
2 3 78 9
3 9 86 6
4 5 8 8
5 7 71 7
6 11 71 9
7 10 24 6
8 2 13 9
9 7 36 6
10 11 45 8
11 9 90 6
12 1 7 5
13 11 30 6
14 8 46 7
15 4 62 3
16 6 52 8
17 10 75 7
18 9 92 2
19 11 15 9
20 11 29 8
21 9 70 1
22 11 54 7
23 6 57 7
24 2 54 2
25 1 99 4
26 7 86 9
27 2 38 6
43
1 3 43 3
2 2 57 2
3 10 83 8
4 8 51 8
5 5 5 3
6 10 61 9
7 9 16 8
8 9 13 9
9 3 97 9
10 4 35 3
11 9 90 5
12 7 35 2
13 6 67 3
14 11 73 2
15 6 30 7
16 10 91 4
17 3 98 6
18 5 98 1
19 6 7 6
20 1 9 6
21 3 13 3
22 2 39 7
23 1 40 8
24 2 14 4
25 6 46 2
26 2 31 5
27 2 89 5
28 1 87 7
29 8 56 5
30 3 68 8
31 9 79 7
32 8 29 3
33 1 73 6
34 7 92 2
35 7 37 7
36 8 12 4
37 4 77 9
38 4 47 2
39 2 32 2
40 11 28 6
41 10 70 7
42 11 43 3
43 5 82 8
12
1 4 65 3
2 10 2 7
3 5 12 1
4 8 88 8
5 9 36 9
6 8 65 9
7 7 92 5
8 3 60 3
9 2 3 3
10 4 84 8
11 1 39 3
12 10 73 6
23
1 3 85 8
2 10 73 4
3 7 7 4
4 3 71 1
5 7 61 3
6 9 21 5
7 9 21 5
8 1 6 3
9 11 42 3
10 9 15 7
11 5 30 6
12 1 24 3
13 6 52 8
14 10 88 5
15 2 28 6
16 7 93 4
17 6 53 5
18 4 44 6
19 7 27 1
20 5 87 9
21 6 81 6
22 2 74 7
23 4 17 8
14
1 6 9 3
2 7 34 8
3 3 27 9
4 6 77 2
5 7 20 8
6 1 46 8
7 3 31 5
8 6 10 9
9 8 84 6
10 9 1 2
11 4 37 3
12 1 33 5
13 1 85 6
14 4 23 9
36
1 8 20 1
2 6 63 9
3 6 93 2
4 1 4 1
5 6 85 6
6 1 83 5
7 4 20 8
8 5 50 3
9 3 33 8
10 4 56 5
11 5 63 5
12 2 87 6
13 8 8 1
14 10 26 6
15 11 57 1
16 7 97 8
17 1 30 2
18 7 93 6
19 11 44 8
20 10 75 9
21 8 33 1
22 5 29 1
23 3 72 8
24 10 96 9
25 1 67 1
26 2 28 6
27 8 36 9
28 5 59 3
29 9 91 1
30 9 63 4
31 4 70 5
32 1 33 7
33 5 13 3
34 11 3 9
35 5 2 9
36 5 95 2
43
1 10 54 4
2 1 13 4
3 8 3 4
4 3 65 6
5 4 34 1
6 5 66 5
7 7 78 7
8 4 79 4
9 8 80 3
10 11 75 2
11 7 40 3
12 6 71 1
13 5 9 2
14 7 30 6
15 4 66 3
16 4 7 4
17 1 30 8
18 10 24 9
19 9 97 6
20 11 17 6
21 6 44 5
22 11 72 3
23 2 82 4
24 10 5 6
25 7 41 7
26 4 26 7
27 9 13 5
28 5 39 8
29 4 27 7
30 1 66 1
31 7 79 5
32 6 18 3
33 9 92 4
34 1 5 6
35 5 20 9
36 1 69 4
37 2 19 5
38 3 42 6
39 9 19 3
40 11 29 7
41 10 40 7
42 10 96 5
43 3 63 3
19
1 2 76 3
2 6 93 1
3 4 62 4
4 5 78 8
5 7 21 2
6 2 39 4
7 1 65 8
8 11 5 3
9 7 98 8
10 9 59 1
11 4 6 6
12 11 87 2
13 3 18 2
14 9 14 2
15 8 22 5
16 4 14 4
17 7 56 3
18 6 31 8
19 8 63 5
25
1 8 41 7
2 9 46 3
3 6 33 4
4 8 48 5
5 6 59 6
6 11 80 9
7 3 94 1
8 9 50 3
9 1 78 2
10 9 42 4
11 2 93 4
12 9 69 4
13 11 79 1
14 8 64 3
15 10 4 8
16 2 39 3
17 3 1 4
18 8 49 7
19 11 21 8
20 11 24 2
21 8 44 7
22 11 38 8
23 2 38 7
24 1 66 9
25 9 10 5
43
1 2 27 2
2 4 28 5
3 11 74 2
4 8 94 8
5 5 16 9
6 2 57 7
7 10 93 3
8 11 29 9
9 9 94 6
10 7 5 2
11 8 33 5
12 1 35 3
13 4 91 1
14 11 51 1
15 3 59 6
16 8 36 4
17 7 45 6
18 11 96 6
19 7 30 2
20 1 29 9
21 3 42 6
22 11 89 2
23 2 89 8
24 2 6 5
25 6 83 2
26 7 4 5
27 10 45 1
28 8 49 9
29 5 41 7
30 1 2 8
31 7 25 3
32 2 35 2
33 11 58 7
34 9 72 1
35 3 64 9
36 6 50 2
37 9 84 1
38 8 63 8
39 1 15 3
40 6 30 7
41 7 14 5
42 9 96 4
43 8 11 1
38
1 11 80 9
2 11 44 9
3 6 91 8
4 1 73 6
5 8 37 2
6 8 49 3
7 11 78 9
8 6 91 3
9 1 86 6
10 9 96 5
11 8 41 7
12 10 92 6
13 7 79 9
14 7 66 3
15 2 59 3
16 5 61 3
17 10 4 7
18 8 51 5
19 11 1 3
20 8 41 7
21 2 47 1
22 7 95 4
23 11 47 1
24 10 68 7
25 10 59 4
26 11 79 9
27 5 22 8
28 8 79 3
29 2 70 6
30 2 47 6
31 9 20 7
32 9 66 4
33 3 30 9
34 5 99 2
35 4 46 7
36 7 9 5
37 7 32 7
38 6 98 4
34
1 9 52 4
2 10 98 8
3 5 18 5
4 11 81 6
5 11 11 5
6 5 8 7
7 6 54 2
8 11 62 5
9 6 92 9
10 9 90 1
11 3 82 4
12 10 89 9
13 7 20 7
14 2 25 2
15 4 48 2
16 3 7 1
17 11 87 1
18 9 35 7
19 2 53 4
20 5 44 6
21 4 66 9
22 9 72 8
23 7 59 5
24 4 67 8
25 5 30 2
26 6 31 7
27 10 11 8
28 8 80 8
29 10 18 4
30 5 32 2
31 2 3 7
32 10 82 2
33 3 68 3
34 6 75 4
41
1 5 77 3
2 10 6 7
3 8 16 5
4 3 93 1
5 10 11 4
6 1 43 5
7 2 45 1
8 10 25 9
9 1 92 2
10 4 65 6
11 7 49 6
12 6 55 8
13 1 3 1
14 5 66 1
15 10 79 8
16 7 63 5
17 5 34 4
18 3 88 9
19 5 6 9
20 6 92 1
21 3 69 4
22 5 11 2
23 5 90 6
24 5 73 8
25 5 51 1
26 4 74 4
27 11 30 3
28 10 74 7
29 9 28 9
30 3 73 2
31 5 58 2
32 7 57 6
33 4 81 8
34 5 41 3
35 11 30 1
36 7 58 3
37 1 69 3
38 8 4 9
39 2 82 1
40 7 99 7
41 11 20 4
10
1 4 1 7
2 7 79 5
3 1 18 7
4 9 47 6
5 2 6 6
6 2 72 8
7 7 73 5
8 8 55 3
9 3 55 1
10 11 72 4
33
1 2 40 6
2 6 19 8
3 4 37 5
4 2 81 8
5 1 84 5
6 3 57 1
7 9 28 4
8 4 83 6
9 4 36 4
10 4 8 8
11 11 65 6
12 6 81 5
13 1 29 5
14 2 55 9
15 5 50 5
16 1 12 8
17 11 87 9
18 5 48 6
19 8 96 5
20 10 65 2
21 4 79 4
22 2 64 1
23 5 41 4
24 1 92 7
25 9 24 8
26 3 21 2
27 3 92 5
28 11 32 1
29 3 52 4
30 8 54 7
31 5 75 7
32 4 55 5
33 1 14 5
30
1 5 29 9
2 2 53 5
3 2 71 6
4 2 61 8
5 1 92 7
6 1 44 1
7 9 95 5
8 2 70 9
9 3 24 5
10 4 35 7
11 7 16 1
12 3 55 3
13 9 31 4
14 2 75 1
15 7 45 8
16 8 81 5
17 5 58 6
18 1 58 3
19 2 24 1
20 3 84 6
21 4 93 2
22 9 57 2
23 6 33 5
24 3 85 6
25 11 72 4
26 11 95 3
27 1 44 6
28 2 83 6
29 4 45 1
30 3 32 2
43
1 9 35 6
2 4 89 6
3 9 20 8
4 1 5 5
5 9 77 6
6 9 70 7
7 7 14 3
8 8 94 8
9 9 39 6
10 11 68 5
11 8 45 5
12 7 57 5
13 7 46 9
14 2 21 3
15 7 54 1
16 4 6 9
17 7 78 9
18 7 74 7
19 11 61 4
20 5 30 1
21 5 5 6
22 5 25 4
23 6 87 1
24 5 15 7
25 4 7 9
26 11 4 4
27 3 30 3
28 3 62 5
29 10 36 1
30 2 9 6
31 7 21 7
32 9 7 5
33 1 52 5
34 10 74 6
35 1 83 9
36 7 48 9
37 10 40 1
38 5 71 9
39 11 35 7
40 11 67 2
41 8 36 5
42 7 85 2
43 11 72 6
28
1 5 12 3
2 5 92 2
3 9 39 8
4 5 76 8
5 9 47 5
6 6 79 2
7 5 44 1
8 11 79 5
9 4 63 7
10 3 33 3
11 5 71 7
12 3 79 6
13 5 12 4
14 10 26 7
15 6 57 3
16 8 11 3
17 7 54 9
18 6 86 6
19 8 99 1
20 2 18 4
21 1 50 4
22 5 17 7
23 6 48 7
24 6 72 9
25 9 45 5
26 8 90 2
27 7 63 1
28 5 21 9
17
1 4 32 4
2 5 50 5
3 5 97 7
4 9 14 4
5 1 61 8
6 6 31 7
7 1 76 2
8 8 64 1
9 1 27 1
10 6 46 9
11 5 92 2
12 2 24 8
13 5 30 3
14 2 13 5
15 2 65 7
16 8 17 4
17 3 70 5
30
1 4 74 7
2 5 98 7
3 10 44 5
4 1 36 6
5 11 58 2
6 4 85 4
7 3 98 7
8 5 61 4
9 10 76 7
10 1 46 9
11 9 26 6
12 5 93 8
13 1 5 8
14 1 64 2
15 1 82 5
16 1 22 8
17 9 53 6
18 5 45 6
19 10 70 2
20 6 22 4
21 8 90 5
22 9 50 7
23 2 30 8
24 7 84 5
25 2 7 1
26 4 30 8
27 2 89 9
28 10 29 6
29 11 55 7
30 1 3 3
21
1 10 55 7
2 7 3 5
3 6 31 3
4 10 15 7
5 10 21 5
6 2 48 1
7 3 38 9
8 11 64 3
9 10 20 8
10 8 22 8
11 7 1 4
12 4 59 8
13 7 95 4
14 4 54 9
15 7 14 7
16 3 5 9
17 6 48 9
18 8 57 4
19 6 8 3
20 3 51 8
21 2 79 4
22
1 1 24 5
2 5 19 9
3 8 71 6
4 1 84 1
5 1 86 9
6 6 32 8
7 1 87 2
8 6 94 2
9 6 46 7
10 5 25 2
11 4 37 9
12 3 97 4
13 9 37 1
14 2 64 5
15 6 43 3
16 1 22 1
17 11 77 8
18 9 59 4
19 1 65 1
20 2 55 9
21 3 43 9
22 4 46 4
28
1 10 13 8
2 11 74 1
3 5 15 3
4 4 36 4
5 1 12 2
6 9 70 6
7 7 33 4
8 7 86 4
9 7 27 1
10 10 71 2
11 8 78 7
12 7 70 3
13 1 45 8
14 2 30 5
15 5 12 1
16 3 6 8
17 6 72 2
18 3 37 9
19 9 91 6
20 3 48 9
21 5 34 6
22 5 52 6
23 6 84 3
24 7 97 6
25 1 88 6
26 10 41 8
27 4 34 5
28 10 85 7
26
1 6 14 1
2 6 59 9
3 10 92 6
4 1 44 9
5 7 27 1
6 11 24 6
7 11 13 2
8 8 51 9
9 11 82 4
10 7 68 8
11 7 12 6
12 9 99 8
13 10 93 1
14 11 66 5
15 8 55 2
16 1 24 6
17 3 59 8
18 2 65 2
19 8 12 9
20 2 98 2
21 1 14 6
22 1 66 5
23 11 38 8
24 5 87 1
25 2 43 9
26 1 73 4
22
1 1 69 8
2 11 32 1
3 8 43 7
4 7 41 8
5 7 52 3
6 5 19 7
7 4 54 4
8 6 39 4
9 7 81 1
10 5 52 5
11 4 32 9
12 4 3 9
13 2 63 7
14 9 96 4
15 6 8 6
16 2 14 9
17 7 89 9
18 3 1 6
19 8 53 7
20 9 82 7
21 5 44 7
22 4 5 2
25
1 5 1 2
2 3 96 5
3 6 2 8
4 5 13 7
5 1 1 4
6 3 1 7
7 11 51 5
8 6 32 9
9 11 75 6
10 3 79 5
11 4 60 1
12 4 35 1
13 9 85 4
14 10 71 2
15 1 29 1
16 1 61 9
17 10 9 9
18 3 98 7
19 1 65 1
20 9 16 2
21 8 77 4
22 10 30 3
23 11 87 8
24 5 16 4
25 9 98 2
25
1 4 63 5
2 2 71 4
3 5 69 1
4 5 34 9
5 1 47 1
6 6 22 2
7 5 51 5
8 2 38 3
9 7 54 4
10 4 50 6
11 4 16 5
12 11 19 1
13 2 73 9
14 4 99 2
15 3 53 1
16 3 27 3
17 3 13 1
18 9 96 9
19 3 62 2
20 10 13 7
21 2 42 4
22 6 51 1
23 11 86 9
24 4 23 5
25 2 14 7
12
1 4 34 7
2 4 47 5
3 2 41 3
4 2 3 4
5 9 13 1
6 8 55 3
7 11 6 3
8 10 90 9
9 2 13 4
10 3 26 8
11 1 13 5
12 2 42 4
32
1 7 18 6
2 6 21 8
3 1 31 6
4 8 85 8
5 7 91 8
6 5 81 8
7 5 91 2
8 7 15 1
9 6 25 3
10 5 67 4
11 6 70 7
12 1 68 7
13 8 56 8
14 6 97 6
15 2 96 4
16 2 47 2
17 3 21 8
18 5 82 4
19 9 48 9
20 11 97 1
21 9 29 6
22 2 96 1
23 1 67 8
24 1 55 7
25 8 47 9
26 4 19 3
27 4 9 9
28 11 1 9
29 5 99 3
30 6 34 3
31 1 82 7
32 5 64 6
48
1 11 88 6
2 10 43 3
3 6 87 3
4 7 7 3
5 10 13 2
6 9 13 8
7 11 12 1
8 6 43 2
9 4 25 8
10 9 88 4
11 8 85 3
12 7 94 5
13 6 85 5
14 2 13 1
15 8 13 1
16 9 11 4
17 10 46 2
18 8 83 6
19 4 52 7
20 6 55 9
21 4 55 5
22 9 76 5
23 1 35 3
24 9 43 7
25 10 61 7
26 11 64 9
27 9 10 4
28 10 4 9
29 2 46 1
30 9 61 7
31 6 72 1
32 3 68 3
33 1 88 8
34 1 22 6
35 10 72 1
36 2 53 7
37 9 72 2
38 7 44 8
39 10 9 2
40 1 87 4
41 4 67 2
42 10 31 1
43 11 72 2
44 10 78 7
45 8 60 2
46 2 28 2
47 8 93 7
48 2 98 5
39
1 5 63 1
2 3 48 2
3 7 13 2
4 5 43 2
5 4 15 1
6 11 90 8
7 5 50 7
8 4 76 6
9 11 69 3
10 11 65 7
11 10 92 2
12 4 20 5
13 7 75 6
14 6 38 2
15 4 65 8
16 5 43 2
17 7 5 4
18 10 37 4
19 8 94 5
20 8 35 8
21 7 25 2
22 8 75 4
23 3 51 6
24 11 96 2
25 2 22 2
26 1 23 6
27 10 18 9
28 1 91 7
29 3 84 7
30 6 11 2
31 7 19 6
32 10 77 1
33 5 26 5
34 9 82 1
35 5 81 6
36 5 41 4
37 5 49 7
38 9 54 2
39 9 31 7
41
1 11 79 3
2 5 97 9
3 3 72 9
4 5 98 2
5 2 78 2
6 7 57 8
7 11 98 9
8 2 45 6
9 9 96 6
10 6 27 3
11 8 75 5
12 7 45 2
13 5 33 8
14 8 52 7
15 4 90 2
16 4 68 8
17 4 76 8
18 2 44 7
19 11 4 3
20 6 22 1
21 8 60 5
22 3 16 5
23 3 3 1
24 11 18 4
25 6 2 4
26 7 88 8
27 6 42 5
28 4 37 7
29 1 73 6
30 4 37 2
31 2 93 5
32 6 24 5
33 9 24 5
34 11 63 9
35 5 40 9
36 6 29 6
37 3 85 7
38 9 10 1
39 1 42 1
40 7 80 3
41 9 46 6
14
1 11 3 5
2 8 25 7
3 6 85 7
4 10 25 4
5 2 51 1
6 2 36 5
7 11 43 3
8 11 85 4
9 5 63 4
10 2 9 9
11 1 20 4
12 4 45 4
13 4 58 3
14 11 88 6
23
1 7 16 5
2 8 52 1
3 7 92 1
4 5 77 4
5 9 40 7
6 8 46 6
7 8 64 8
8 9 9 2
9 10 64 2
10 10 52 7
11 10 1 9
12 3 26 5
13 8 98 7
14 1 93 3
15 9 79 4
16 5 56 5
17 6 99 3
18 3 80 2
19 9 72 9
20 6 58 8
21 1 39 8
22 1 16 8
23 2 29 9
45
1 10 35 2
2 8 15 3
3 10 68 7
4 2 67 1
5 3 45 9
6 9 17 8
7 4 74 7
8 2 13 5
9 11 26 1
10 1 53 1
11 9 54 3
12 11 57 4
13 3 43 7
14 2 34 2
15 11 76 4
16 11 82 5
17 5 7 4
18 1 63 7
19 11 89 1
20 1 69 4
21 9 80 6
22 8 73 6
23 7 43 9
24 5 24 7
25 4 16 6
26 2 30 4
27 6 33 9
28 10 47 4
29 5 92 2
30 3 15 5
31 5 54 5
32 5 50 4
33 9 13 5
34 6 10 1
35 7 4 4
36 10 43 9
37 6 40 4
38 3 70 4
39 5 42 1
40 7 80 5
41 8 39 3
42 6 69 6
43 11 28 1
44 10 56 9
45 6 84 2
39
1 11 82 2
2 5 22 4
3 8 91 7
4 10 33 7
5 5 13 2
6 10 50 2
7 4 19 7
8 1 45 7
9 8 98 6
10 2 82 6
11 8 73 7
12 1 31 9
13 11 17 7
14 11 59 2
15 8 67 2
16 10 23 1
17 2 83 7
18 7 79 6
19 7 84 8
20 3 89 9
21 6 4 5
22 1 66 2
23 7 45 1
24 1 53 8
25 2 99 1
26 2 1 4
27 2 25 2
28 5 91 7
29 6 33 1
30 11 85 1
31 9 89 9
32 1 25 6
33 9 16 4
34 9 49 9
35 7 58 7
36 4 50 1
37 4 76 6
38 4 53 4
39 5 24 5
19
1 9 53 7
2 5 42 4
3 3 67 8
4 1 82 9
5 7 31 7
6 2 86 4
7 6 34 3
8 7 10 8
9 9 63 9
10 2 84 5
11 3 72 2
12 1 92 9
13 9 88 9
14 7 33 1
15 10 10 4
16 7 68 9
17 3 16 1
18 3 84 7
19 2 93 5
18
1 8 13 5
2 9 83 6
3 7 73 4
4 2 61 1
5 9 91 1
6 7 2 4
7 11 67 1
8 2 80 8
9 3 64 6
10 2 57 8
11 6 88 3
12 5 65 3
13 8 59 5
14 3 3 5
15 6 66 5
16 7 85 7
17 6 32 9
18 6 93 9
45
1 11 14 6
2 1 71 5
3 6 57 5
4 11 22 7
5 7 78 9
6 8 78 2
7 2 44 7
8 6 30 2
9 11 59 8
10 3 50 8
11 8 38 5
12 11 13 9
13 2 71 4
14 3 75 4
15 1 9 8
16 10 19 6
17 11 77 9
18 8 68 8
19 2 12 4
20 5 53 5
21 11 94 2
22 2 1 2
23 1 65 9
24 5 96 1
25 11 76 1
26 8 61 6
27 2 67 6
28 11 2 5
29 1 67 3
30 10 35 4
31 8 52 2
32 11 36 6
33 9 53 4
34 7 60 7
35 1 78 3
36 10 82 5
37 2 51 7
38 1 28 3
39 2 38 1
40 11 41 2
41 10 87 8
42 7 9 6
43 7 21 4
44 4 90 3
45 7 92 6
14
1 7 66 6
2 7 16 1
3 7 41 4
4 6 78 2
5 4 19 3
6 2 4 8
7 6 12 4
8 1 30 7
9 3 20 8
10 9 10 2
11 2 40 8
12 11 68 4
13 4 24 2
14 11 5 4
11
1 8 72 8
2 7 76 4
3 2 85 8
4 2 16 3
5 2 35 8
6 10 43 7
7 1 82 4
8 11 48 7
9 3 69 9
10 11 74 1
11 11 97 6
39
1 8 57 1
2 7 40 8
3 9 55 9
4 10 88 5
5 7 31 3
6 7 11 4
7 4 59 1
8 6 28 7
9 3 99 7
10 3 96 3
11 6 34 9
12 5 75 2
13 11 90 3
14 9 68 2
15 6 23 9
16 1 89 4
17 11 62 4
18 1 6 9
19 5 64 5
20 4 49 1
21 1 28 5
22 1 2 9
23 7 93 8
24 9 92 7
25 10 64 1
26 10 29 3
27 8 30 8
28 3 47 7
29 6 31 2
30 4 93 7
31 6 14 7
32 11 50 4
33 1 37 4
34 3 34 1
35 6 23 4
36 3 34 9
37 9 75 3
38 3 7 2
39 5 53 5
12
1 1 58 4
2 6 71 8
3 3 19 3
4 1 55 4
5 4 86 4
6 9 7 5
7 10 38 4
8 5 14 4
9 8 18 5
10 10 71 9
11 8 81 7
12 10 61 2
26
1 5 20 7
2 6 75 1
3 9 59 4
4 4 66 8
5 2 4 9
6 5 15 3
7 1 33 6
8 8 2 3
9 5 80 8
10 3 41 9
11 4 93 3
12 2 64 1
13 8 93 6
14 11 91 2
15 8 62 1
16 1 98 9
17 2 40 7
18 1 68 5
19 2 84 5
20 2 45 8
21 10 2 4
22 1 81 9
23 7 5 7
24 11 50 8
25 1 41 1
26 7 58 7
48
1 11 30 1
2 9 97 3
3 9 79 8
4 10 24 6
5 6 24 7
6 6 5 7
7 11 8 4
8 10 57 2
9 10 97 3
10 3 53 7
11 6 26 3
12 2 19 5
13 8 15 2
14 9 27 1
15 8 70 6
16 9 76 6
17 1 50 1
18 8 61 6
19 7 34 5
20 4 4 7
21 10 16 9
22 2 45 6
23 7 73 5
24 9 53 1
25 2 83 2
26 3 51 7
27 1 6 5
28 7 92 1
29 10 41 8
30 8 47 1
31 11 1 1
32 2 31 6
33 2 35 9
34 6 87 9
35 4 16 7
36 7 38 1
37 2 60 6
38 8 87 6
39 9 76 3
40 3 20 4
41 5 74 6
42 3 59 4
43 11 95 9
44 10 94 6
45 8 82 8
46 11 29 2
47 4 5 2
48 7 64 5
25
1 10 90 3
2 2 10 4
3 4 82 7
4 7 41 8
5 4 36 8
6 1 29 4
7 8 9 2
8 5 37 1
9 9 39 9
10 2 3 2
11 6 68 9
12 5 6 2
13 2 92 9
14 4 18 6
15 11 16 8
16 1 89 5
17 5 97 9
18 2 80 1
19 4 25 6
20 9 25 3
21 1 67 4
22 2 77 5
23 6 22 4
24 9 71 1
25 4 22 9
49
1 11 40 8
2 4 38 5
3 6 18 5
4 9 40 1
5 6 64 3
6 6 31 5
7 6 6 9
8 9 26 1
9 6 96 8
10 7 16 5
11 11 23 2
12 7 63 3
13 11 21 2
14 4 48 8
15 8 22 2
16 6 35 5
17 1 68 5
18 5 14 1
19 8 37 7
20 2 50 3
21 6 94 3
22 4 43 7
23 11 71 1
24 9 95 3
25 11 69 7
26 8 46 9
27 7 49 3
28 8 2 3
29 8 27 1
30 11 56 9
31 3 40 7
32 9 18 7
33 5 27 5
34 7 84 4
35 2 25 4
36 2 13 7
37 2 78 4
38 4 25 7
39 5 77 1
40 9 32 4
41 7 99 3
42 1 7 3
43 7 9 9
44 11 30 2
45 4 16 9
46 4 83 7
47 5 69 6
48 4 37 6
49 4 2 8
22
1 8 21 5
2 2 21 5
3 2 25 7
4 8 33 6
5 7 60 8
6 9 75 5
7 1 57 2
8 4 26 6
9 7 62 2
10 8 61 7
11 8 57 2
12 7 25 5
13 3 41 9
14 3 17 4
15 11 40 5
16 4 87 4
17 11 6 9
18 1 83 7
19 2 55 6
20 8 62 1
21 3 63 3
22 2 76 6
38
1 3 75 1
2 3 90 2
3 2 30 4
4 4 18 8
5 1 23 5
6 1 6 2
7 11 60 7
8 5 20 5
9 7 82 7
10 6 56 2
11 8 9 1
12 3 82 1
13 4 14 1
14 1 19 1
15 5 21 8
16 5 58 6
17 8 53 2
18 1 46 2
19 8 68 2
20 1 69 4
21 11 16 6
22 8 95 8
23 11 32 8
24 11 6 1
25 5 65 2
26 3 24 7
27 5 16 6
28 11 33 8
29 1 33 3
30 11 27 6
31 3 50 8
32 7 73 9
33 2 87 2
34 9 24 4
35 3 97 6
36 11 31 1
37 1 25 6
38 3 42 7
34
1 2 11 6
2 2 37 2
3 4 84 9
4 8 55 9
5 9 43 8
6 6 64 3
7 7 62 8
8 4 90 7
9 4 16 3
10 6 55 1
11 6 49 8
12 5 24 3
13 6 48 7
14 1 11 1
15 10 71 5
16 8 10 6
17 5 15 8
18 9 3 9
19 11 42 5
20 2 49 2
21 10 90 7
22 3 3 1
23 2 81 5
24 6 46 8
25 3 3 3
26 7 98 2
27 3 76 2
28 7 46 6
29 9 41 1
30 4 7 2
31 6 20 8
32 8 90 9
33 8 58 5
34 11 1 2
30
1 3 79 1
2 7 75 1
3 10 52 9
4 3 97 5
5 11 39 6
6 2 43 5
7 7 60 4
8 1 50 3
9 8 7 5
10 8 5 7
11 4 77 5
12 3 95 8
13 1 94 4
14 6 70 9
15 3 12 6
16 6 16 8
17 4 35 5
18 6 71 9
19 1 49 7
20 7 35 2
21 11 10 1
22 8 26 1
23 2 37 4
24 5 18 4
25 8 39 2
26 8 17 6
27 11 13 1
28 1 73 7
29 6 52 7
30 8 81 4
23
1 6 71 7
2 3 94 5
3 4 31 9
4 8 47 1
5 5 85 2
6 10 3 8
7 9 15 6
8 8 85 1
9 2 35 6
10 7 14 9
11 2 45 5
12 6 32 6
13 11 49 4
14 7 22 2
15 9 76 9
16 5 72 3
17 7 12 2
18 8 55 2
19 4 15 1
20 4 6 2
21 6 46 8
22 7 31 5
23 3 52 4
48
1 1 2 8
2 9 77 6
3 11 47 8
4 7 56 7
5 3 12 9
6 5 24 7
7 6 29 7
8 9 72 5
9 2 1 8
10 4 50 9
11 8 40 3
12 10 34 9
13 7 66 3
14 8 45 6
15 8 87 1
16 6 92 8
17 8 89 8
18 1 66 3
19 7 80 3
20 7 88 8
21 2 72 7
22 6 62 5
23 4 74 7
24 1 23 7
25 10 41 9
26 7 39 3
27 10 62 1
28 10 72 8
29 7 74 7
30 10 99 4
31 7 31 6
32 2 71 9
33 8 94 9
34 2 44 9
35 3 79 7
36 8 8 6
37 1 51 8
38 7 40 6
39 10 46 6
40 6 66 3
41 4 53 7
42 10 42 8
43 2 68 9
44 7 93 8
45 6 61 2
46 6 57 9
47 2 71 6
48 8 94 2
49
1 3 1 9
2 7 66 1
3 10 18 5
4 6 59 3
5 7 25 9
6 11 16 7
7 6 74 8
8 9 29 6
9 8 99 2
10 2 93 1
11 3 82 6
12 4 19 4
13 3 41 2
14 7 61 3
15 8 49 5
16 9 56 5
17 2 43 7
18 10 21 6
19 5 30 7
20 3 75 7
21 7 33 8
22 11 52 1
23 5 80 4
24 10 90 3
25 2 29 7
26 7 33 6
27 7 85 9
28 3 43 5
29 11 77 3
30 7 2 9
31 2 70 8
32 11 87 6
33 7 18 1
34 8 72 1
35 7 15 4
36 2 63 9
37 10 34 8
38 4 2 1
39 3 94 5
40 2 12 9
41 1 45 4
42 2 75 5
43 11 21 2
44 4 19 6
45 10 32 7
46 11 2 7
47 6 91 1
48 6 35 8
49 7 57 3
26
1 10 42 2
2 8 86 5
3 9 59 1
4 9 80 9
5 10 98 5
6 8 28 9
7 6 28 4
8 11 17 4
9 5 51 9
10 9 8 9
11 8 90 8
12 6 74 3
13 1 72 8
14 3 44 4
15 5 28 2
16 1 54 3
17 5 73 2
18 10 77 6
19 2 29 1
20 8 47 8
21 4 18 1
22 3 28 8
23 8 35 1
24 3 81 4
25 2 26 5
26 8 1 5
48
1 4 99 9
2 11 74 5
3 1 3 3
4 6 47 9
5 9 65 9
6 9 90 7
7 5 23 5
8 7 4 9
9 7 27 4
10 1 28 6
11 4 70 4
12 1 37 7
13 6 39 4
14 9 29 9
15 11 91 9
16 7 50 3
17 6 19 7
18 6 61 5
19 7 26 9
20 10 59 5
21 2 24 7
22 5 22 5
23 8 61 5
24 3 5 5
25 7 22 6
26 8 68 9
27 2 74 6
28 7 40 8
29 10 13 1
30 3 60 3
31 4 10 3
32 5 60 1
33 2 80 5
34 6 75 5
35 10 89 3
36 9 86 1
37 10 56 1
38 4 16 2
39 11 70 4
40 10 44 7
41 3 64 1
42 11 98 3
43 4 85 5
44 4 60 1
45 1 53 3
46 10 51 7
47 8 7 5
48 6 33 5
43
1 8 22 9
2 6 65 5
3 6 28 5
4 5 26 5
5 6 9 8
6 9 69 8
7 9 20 2
8 6 71 6
9 2 77 1
10 5 8 5
11 1 97 1
12 9 99 1
13 6 32 2
14 11 27 8
15 1 43 1
16 10 96 2
17 10 5 4
18 7 10 4
19 9 19 5
20 6 13 8
21 2 11 6
22 9 48 7
23 8 11 6
24 6 99 7
25 9 72 5
26 5 63 9
27 10 82 9
28 3 31 1
29 10 89 6
30 5 94 5
31 4 97 3
32 3 20 3
33 4 26 4
34 3 41 8
35 1 88 2
36 4 78 7
37 11 77 9
38 4 4 3
39 10 27 7
40 8 20 7
41 2 92 1
42 10 40 3
43 8 62 8
11
1 10 71 6
2 10 60 5
3 3 36 2
4 11 14 1
5 2 15 2
6 9 39 8
7 6 58 3
8 7 51 3
9 4 90 3
10 9 50 1
11 6 35 3
39
1 1 89 3
2 1 26 3
3 10 37 1
4 9 49 2
5 6 87 7
6 11 45 9
7 5 93 9
8 6 82 3
9 1 30 3
10 6 65 3
11 2 38 6
12 1 74 4
13 2 66 3
14 3 67 7
15 7 9 3
16 5 17 9
17 3 17 8
18 6 46 5
19 10 1 3
20 6 47 5
21 2 16 3
22 7 71 4
23 1 81 3
24 11 87 9
25 10 44 9
26 7 96 3
27 10 85 5
28 2 36 8
29 3 72 9
30 2 59 4
31 2 23 8
32 6 51 3
33 10 71 9
34 11 14 5
35 10 29 5
36 7 4 2
37 3 78 7
38 11 48 7
39 11 90 6
25
1 10 72 3
2 11 92 9
3 3 43 9
4 10 12 6
5 10 25 2
6 8 53 4
7 3 54 6
8 6 31 1
9 5 76 5
10 2 66 1
11 6 4 1
12 10 57 1
13 11 27 3
14 10 96 6
15 10 5 6
16 11 62 4
17 6 83 1
18 3 99 5
19 11 59 1
20 9 50 4
21 6 60 3
22 9 22 1
23 8 86 7
24 2 71 9
25 7 76 5
45
1 1 81 5
2 4 63 5
3 6 62 1
4 3 21 1
5 11 69 5
6 4 27 5
7 1 46 5
8 9 32 9
9 8 3 7
10 3 76 2
11 11 62 6
12 3 94 8
13 8 29 5
14 4 36 9
15 11 31 5
16 11 33 3
17 2 46 6
18 4 53 4
19 2 86 7
20 3 87 9
21 1 18 1
22 8 97 2
23 11 92 1
24 6 2 6
25 8 94 3
26 4 15 4
27 3 2 3
28 3 51 2
29 9 82 3
30 6 17 5
31 2 71 4
32 8 27 8
33 3 44 4
34 5 85 3
35 4 69 8
36 9 64 6
37 1 91 1
38 11 99 5
39 4 18 3
40 9 50 7
41 3 69 3
42 5 38 7
43 10 50 8
44 9 34 9
45 3 21 7
40
1 2 45 9
2 2 34 7
3 2 33 9
4 3 50 2
5 11 97 6
6 11 64 8
7 5 2 5
8 1 51 1
9 7 82 8
10 9 4 5
11 3 46 6
12 1 77 3
13 1 13 8
14 11 14 6
15 4 28 5
16 10 87 1
17 8 46 2
18 9 44 8
19 5 24 6
20 7 20 8
21 10 59 1
22 9 88 1
23 8 51 8
24 7 38 8
25 9 22 4
26 1 92 5
27 10 12 4
28 9 64 6
29 9 76 3
30 10 66 1
31 5 10 8
32 8 55 5
33 8 33 5
34 3 77 9
35 5 33 7
36 2 98 2
37 6 38 3
38 6 51 3
39 2 89 1
40 11 33 4
