70
44
1 8 32 7
2 3 35 2
3 11 76 3
4 2 40 9
5 11 1 2
6 7 25 1
7 8 19 8
8 1 44 5
9 11 55 1
10 11 23 4
11 8 37 8
12 4 65 8
13 6 29 9
14 2 83 1
15 8 37 6
16 7 83 5
17 9 70 3
18 5 30 4
19 2 19 9
20 1 11 5
21 11 97 4
22 3 86 7
23 1 94 7
24 7 4 1
25 10 44 6
26 1 55 2
27 6 73 4
28 9 59 4
29 3 83 1
30 10 87 8
31 10 61 9
32 7 41 8
33 3 56 1
34 8 82 3
35 10 60 3
36 7 88 4
37 6 89 4
38 1 81 4
39 2 9 3
40 8 24 1
41 4 50 9
42 10 22 7
43 4 2 6
44 2 20 9
14
1 1 32 5
2 5 18 6
3 10 5 1
4 8 86 4
5 10 92 4
6 4 16 2
7 5 64 1
8 1 83 6
9 4 84 2
10 6 5 1
11 9 61 4
12 6 12 7
13 1 91 3
14 4 11 2
46
1 3 79 6
2 6 95 5
3 10 59 6
4 11 42 9
5 1 24 1
6 4 26 9
7 2 84 1
8 7 96 8
9 5 85 1
10 6 96 9
11 4 99 2
12 6 22 9
13 10 52 4
14 2 42 9
15 8 86 6
16 9 22 3
17 11 20 5
18 6 43 8
19 11 89 2
20 8 61 7
21 4 34 7
22 3 33 3
23 11 18 3
24 8 44 5
25 5 3 3
26 11 75 5
27 10 16 5
28 6 5 5
29 4 40 9
30 2 28 9
31 6 51 3
32 6 89 5
33 5 36 1
34 10 49 4
35 9 70 2
36 9 18 3
37 6 20 6
38 10 60 8
39 1 32 9
40 8 20 7
41 11 22 9
42 6 33 6
43 5 79 1
44 7 8 1
45 9 61 9
46 10 26 9
34
1 1 46 2
2 8 5 9
3 9 34 8
4 3 52 3
5 2 71 2
6 8 5 5
7 10 81 6
8 3 88 4
9 11 48 3
10 10 73 1
11 3 92 3
12 3 53 9
13 5 51 8
14 5 63 3
15 10 26 2
16 4 13 7
17 8 25 8
18 11 80 2
19 8 47 1
20 11 83 1
21 4 29 8
22 5 35 4
23 2 61 4
24 7 99 8
25 1 71 1
26 4 50 1
27 3 91 3
28 3 92 6
29 6 91 2
30 6 98 1
31 9 42 6
32 2 61 4
33 3 64 6
34 8 81 5
12
1 4 32 7
2 6 82 7
3 6 73 7
4 7 64 3
5 1 55 2
6 4 51 2
7 1 91 6
8 2 52 9
9 2 17 3
10 10 95 8
11 4 54 6
12 11 33 6
42
1 4 75 1
2 10 37 3
3 10 91 2
4 11 42 2
5 11 33 7
6 10 83 4
7 11 99 6
8 7 92 2
9 10 46 6
10 8 76 2
11 11 40 1
12 6 13 9
13 9 75 1
14 9 67 2
15 5 44 3
16 2 83 6
17 7 24 7
18 6 23 7
19 7 19 9
20 6 46 5
21 4 53 4
22 8 26 2
23 7 60 1
24 5 17 8
25 5 91 7
26 5 52 2
27 8 65 8
28 9 62 1
29 10 34 5
30 4 2 4
31 5 67 7
32 3 5 3
33 6 48 1
34 10 89 1
35 2 68 2
36 3 16 2
37 10 14 2
38 6 57 6
39 1 43 8
40 11 9 7
41 1 33 7
42 10 53 4
19
1 11 49 6
2 8 38 4
3 9 5 6
4 11 20 5
5 7 31 6
6 10 87 3
7 11 29 8
8 8 35 5
9 6 67 1
10 5 20 2
11 5 96 1
12 7 81 7
13 1 21 4
14 3 8 6
15 9 11 8
16 4 29 4
17 11 82 7
18 6 3 6
19 5 73 9
21
1 4 58 3
2 9 52 1
3 4 33 7
4 2 54 8
5 4 59 2
6 1 67 8
7 4 96 9
8 2 76 6
9 7 76 9
10 10 48 8
11 3 75 8
12 3 3 8
13 10 88 2
14 10 30 2
15 6 48 6
16 7 37 8
17 7 27 7
18 1 50 8
19 8 67 1
20 7 72 1
21 10 59 2
12
1 9 29 3
2 7 15 5
3 3 44 4
4 8 91 9
5 3 26 5
6 8 52 3
7 8 99 1
8 5 64 1
9 9 35 8
10 5 93 1
11 9 13 3
12 2 6 6
48
1 3 68 9
2 8 58 6
3 9 81 2
4 5 32 4
5 1 31 2
6 3 93 1
7 9 28 8
8 2 19 8
9 8 29 1
10 9 34 5
11 11 94 6
12 11 46 6
13 11 83 8
14 3 93 1
15 10 67 3
16 6 29 6
17 10 19 9
18 2 17 5
19 7 7 6
20 3 29 7
21 3 5 8
22 9 1 9
23 8 70 2
24 11 32 3
25 4 59 9
26 2 56 7
27 9 26 5
28 5 30 3
29 8 51 6
30 1 4 4
31 5 9 7
32 9 33 4
33 10 34 1
34 11 90 6
35 9 33 2
36 2 93 8
37 2 59 9
38 3 59 8
39 10 11 4
40 4 39 5
41 7 81 4
42 4 30 8
43 1 28 2
44 1 58 2
45 11 14 7
46 11 56 7
47 2 19 6
48 6 16 3
11
1 7 17 8
2 10 56 1
3 3 37 4
4 4 65 1
5 4 90 2
6 2 49 4
7 2 60 8
8 10 16 3
9 11 33 8
10 3 48 8
11 10 8 5
22
1 5 37 8
2 5 72 1
3 9 37 1
4 10 27 9
5 1 75 3
6 2 36 8
7 11 49 1
8 8 81 6
9 9 29 2
10 7 34 7
11 10 4 1
12 1 22 1
13 6 56 2
14 9 64 1
15 11 56 2
16 7 27 6
17 7 17 3
18 11 67 1
19 4 42 8
20 8 55 9
21 9 28 8
22 1 82 7
19
1 2 53 1
2 8 15 1
3 7 70 9
4 2 95 3
5 8 12 5
6 6 78 3
7 9 18 2
8 5 72 8
9 11 99 6
10 11 80 3
11 6 35 7
12 3 60 5
13 7 12 1
14 8 68 8
15 3 27 9
16 3 90 6
17 2 26 8
18 6 61 3
19 1 3 1
28
1 4 42 6
2 8 76 1
3 10 34 6
4 3 45 4
5 11 13 2
6 11 37 1
7 1 26 6
8 2 51 2
9 5 12 5
10 3 15 5
11 10 9 5
12 7 61 3
13 4 93 4
14 4 94 5
15 5 15 1
16 4 76 7
17 6 46 4
18 9 90 5
19 4 31 7
20 5 51 4
21 6 18 8
22 3 90 6
23 8 84 8
24 11 24 8
25 5 4 7
26 6 17 5
27 5 63 4
28 4 20 1
24
1 7 78 9
2 9 27 3
3 3 44 8
4 5 33 4
5 10 15 3
6 9 36 8
7 1 40 3
8 6 54 7
9 10 18 2
10 2 37 9
11 7 16 1
12 5 25 7
13 9 95 3
14 7 97 4
15 6 79 1
16 9 23 9
17 10 52 8
18 3 4 1
19 1 48 8
20 7 82 9
21 9 55 4
22 2 26 4
23 3 62 1
24 9 48 6
16
1 7 82 1
2 3 3 9
3 1 54 6
4 3 56 4
5 3 2 2
6 8 83 8
7 3 39 2
8 2 64 3
9 4 24 4
10 11 69 7
11 3 87 3
12 6 94 1
13 8 34 3
14 5 91 3
15 5 63 5
16 6 8 9
46
1 9 48 7
2 11 10 1
3 1 33 4
4 11 3 8
5 1 87 8
6 6 79 8
7 11 11 1
8 2 2 1
9 6 63 4
10 10 70 1
11 8 94 5
12 11 92 1
13 9 30 4
14 6 20 4
15 6 54 1
16 3 24 3
17 4 51 3
18 2 23 2
19 3 51 6
20 10 87 2
21 11 55 5
22 4 64 3
23 7 41 8
24 4 15 1
25 10 22 9
26 6 76 5
27 7 96 8
28 1 50 1
29 1 65 2
30 5 64 3
31 3 58 7
32 1 96 6
33 9 84 5
34 3 55 6
35 4 9 8
36 3 32 7
37 1 1 1
38 7 26 9
39 10 7 1
40 8 9 7
41 4 97 9
42 6 64 8
43 11 5 8
44 4 46 2
45 3 6 7
46 10 38 7
37
1 9 61 2
2 4 84 1
3 2 90 8
4 8 97 3
5 9 94 9
6 1 56 8
7 9 61 6
8 2 5 5
9 2 11 2
10 11 48 9
11 5 13 6
12 10 47 1
13 5 16 7
14 5 36 2
15 2 8 4
16 5 87 9
17 5 92 1
18 10 79 6
19 2 15 8
20 1 93 6
21 2 80 7
22 3 35 8
23 3 67 8
24 7 50 8
25 7 16 3
26 3 58 1
27 2 67 1
28 3 7 4
29 2 6 3
30 6 90 1
31 10 24 1
32 11 65 2
33 1 98 2
34 1 13 1
35 5 7 6
36 9 70 8
37 11 61 6
48
1 2 93 9
2 2 96 2
3 5 86 3
4 1 9 1
5 11 71 3
6 1 69 4
7 10 82 3
8 3 86 6
9 11 56 4
10 9 16 7
11 7 51 1
12 9 50 7
13 6 16 9
14 1 87 4
15 9 26 6
16 3 27 5
17 3 9 4
18 7 24 7
19 2 25 9
20 3 59 4
21 7 59 2
22 11 36 3
23 5 17 7
24 8 18 6
25 6 41 5
26 7 18 9
27 11 47 9
28 9 80 8
29 8 77 1
30 10 61 3
31 11 17 2
32 3 35 6
33 5 14 4
34 8 38 8
35 4 13 6
36 9 10 2
37 3 99 4
38 5 59 6
39 7 76 4
40 4 6 7
41 9 60 4
42 2 92 4
43 3 50 4
44 4 46 8
45 8 69 4
46 7 41 9
47 5 90 5
48 2 23 9
42
1 9 79 9
2 2 82 4
3 10 42 7
4 9 33 1
5 1 80 3
6 2 27 1
7 9 93 2
8 2 35 1
9 6 25 4
10 5 45 3
11 8 6 5
12 7 36 4
13 1 23 4
14 7 14 3
15 6 86 9
16 7 39 7
17 11 85 7
18 2 75 8
19 3 78 1
20 3 6 3
21 4 55 7
22 7 92 7
23 10 49 6
24 10 69 2
25 10 32 9
26 6 29 6
27 11 87 9
28 6 47 6
29 3 56 7
30 1 56 6
31 6 53 2
32 4 22 1
33 5 45 2
34 7 64 5
35 9 10 2
36 5 58 3
37 9 40 6
38 7 43 9
39 7 4 7
40 7 43 6
41 6 6 2
42 1 97 7
39
1 10 34 6
2 6 97 9
3 1 5 1
4 4 63 1
5 1 1 4
6 8 43 4
7 3 44 1
8 8 87 7
9 11 90 6
10 11 87 3
11 9 37 9
12 9 27 3
13 4 52 8
14 9 97 5
15 3 82 2
16 3 11 7
17 10 66 1
18 9 97 2
19 5 66 6
20 7 84 4
21 3 54 9
22 6 30 2
23 8 26 9
24 4 91 9
25 10 2 6
26 4 18 3
27 3 43 6
28 11 42 5
29 6 29 8
30 3 68 3
31 7 48 8
32 6 4 7
33 11 28 9
34 1 25 2
35 3 57 7
36 2 21 2
37 6 60 8
38 4 18 4
39 1 79 7
23
1 9 73 9
2 5 21 7
3 8 22 2
4 7 48 2
5 7 72 1
6 7 28 5
7 6 46 7
8 1 7 3
9 2 24 6
10 3 3 1
11 5 36 8
12 11 6 6
13 7 24 4
14 5 32 6
15 8 23 4
16 11 79 7
17 3 74 7
18 5 85 9
19 11 53 3
20 10 17 9
21 10 76 1
22 1 16 1
23 4 73 9
40
1 10 56 4
2 4 76 5
3 2 56 2
4 4 30 7
5 8 16 6
6 5 68 8
7 1 82 7
8 10 57 6
9 10 70 6
10 1 44 5
11 3 56 6
12 4 77 2
13 2 60 6
14 2 30 4
15 10 7 9
16 1 50 2
17 11 91 4
18 4 67 8
19 3 90 9
20 7 83 5
21 4 97 8
22 2 25 3
23 1 30 8
24 4 4 8
25 11 85 8
26 6 14 5
27 10 53 4
28 10 67 3
29 10 58 1
30 9 24 7
31 3 92 7
32 10 22 8
33 1 82 5
34 6 35 5
35 10 6 5
36 6 10 3
37 8 13 3
38 3 94 3
39 2 11 4
40 2 33 4
23
1 10 84 3
2 8 4 2
3 6 85 4
4 1 18 6
5 10 21 1
6 2 30 1
7 7 40 3
8 9 33 3
9 8 41 6
10 9 74 9
11 10 74 3
12 3 48 2
13 4 67 5
14 10 72 9
15 5 26 2
16 4 98 5
17 9 9 2
18 3 65 7
19 11 44 7
20 7 5 8
21 1 95 1
22 9 61 3
23 10 63 7
36
1 6 91 6
2 8 17 7
3 9 14 2
4 5 22 1
5 7 84 7
6 6 26 4
7 10 31 3
8 11 24 1
9 8 82 2
10 6 43 8
11 3 39 8
12 6 99 1
13 9 35 2
14 9 53 8
15 6 6 3
16 2 52 1
17 5 25 6
18 11 42 7
19 11 7 7
20 4 21 9
21 3 71 9
22 6 62 3
23 6 16 1
24 5 86 2
25 1 59 3
26 4 59 8
27 11 45 9
28 1 51 3
29 9 85 2
30 2 1 1
31 11 18 5
32 4 28 3
33 10 44 7
34 2 81 9
35 10 54 8
36 1 52 1
20
1 4 81 5
2 2 31 7
3 8 16 6
4 9 16 4
5 6 31 9
6 9 58 2
7 5 2 8
8 6 81 5
9 3 33 2
10 3 85 9
11 6 78 5
12 8 91 5
13 5 24 1
14 7 54 3
15 11 6 9
16 6 43 8
17 7 21 8
18 6 33 7
19 7 25 5
20 7 40 1
30
1 3 1 9
2 10 91 2
3 1 13 3
4 7 64 3
5 4 70 1
6 9 11 8
7 4 30 6
8 8 60 2
9 3 82 6
10 9 22 7
11 9 1 9
12 9 66 7
13 9 23 7
14 8 43 1
15 4 88 9
16 5 76 5
17 4 45 3
18 9 62 1
19 11 23 5
20 4 90 4
21 2 71 6
22 2 48 7
23 1 36 5
24 1 61 7
25 9 67 7
26 8 26 2
27 6 62 5
28 5 8 9
29 11 65 8
30 9 75 6
48
1 4 78 6
2 5 24 1
3 4 59 6
4 2 18 3
5 10 84 7
6 5 9 6
7 10 70 8
8 1 76 7
9 10 41 4
10 5 14 9
11 2 73 4
12 2 92 2
13 4 32 9
14 5 68 6
15 1 38 5
16 5 41 3
17 2 93 3
18 6 35 1
19 4 65 8
20 9 62 6
21 9 29 9
22 2 64 8
23 5 37 4
24 1 33 5
25 2 82 3
26 4 2 1
27 11 85 1
28 3 67 5
29 4 46 5
30 11 40 5
31 4 57 7
32 10 73 9
33 7 14 2
34 8 34 7
35 7 52 8
36 10 52 7
37 11 43 9
38 5 92 2
39 5 76 2
40 4 33 3
41 10 75 7
42 9 75 5
43 3 22 1
44 5 44 7
45 3 15 8
46 10 65 8
47 4 35 7
48 1 18 9
37
1 3 23 1
2 6 53 1
3 3 29 7
4 9 2 9
5 11 21 9
6 2 64 4
7 4 79 3
8 11 42 8
9 4 76 6
10 4 91 3
11 5 35 6
12 3 15 2
13 1 1 2
14 5 90 8
15 6 42 2
16 4 55 2
17 10 57 5
18 11 53 8
19 6 56 6
20 2 57 5
21 2 17 7
22 3 34 8
23 6 53 1
24 6 70 2
25 5 53 2
26 3 79 4
27 2 65 7
28 1 71 6
29 7 13 7
30 8 45 1
31 9 13 3
32 1 38 9
33 2 73 3
34 8 45 5
35 11 56 7
36 8 23 5
37 8 11 1
39
1 8 87 6
2 3 1 3
3 8 43 1
4 3 53 1
5 2 88 1
6 1 61 1
7 8 7 5
8 8 62 9
9 2 82 2
10 9 93 2
11 2 89 7
12 11 8 7
13 9 60 9
14 5 52 1
15 2 14 1
16 2 95 2
17 5 43 9
18 9 97 2
19 4 35 2
20 7 91 7
21 11 50 2
22 9 56 3
23 5 2 8
24 9 36 2
25 3 27 9
26 5 73 5
27 9 27 8
28 8 9 5
29 5 89 8
30 6 23 2
31 6 25 7
32 1 79 6
33 1 86 3
34 11 87 5
35 2 31 5
36 6 8 6
37 10 78 3
38 2 45 6
39 8 70 4
27
1 7 85 8
2 11 8 3
3 11 86 6
4 9 73 8
5 9 58 3
6 8 86 7
7 1 94 4
8 10 70 6
9 9 15 9
10 5 84 3
11 10 17 2
12 5 44 7
13 1 85 2
14 8 65 7
15 1 68 4
16 1 27 1
17 10 91 3
18 4 4 5
19 7 48 6
20 11 3 9
21 4 84 1
22 8 99 4
23 5 99 4
24 2 96 8
25 9 97 1
26 8 52 4
27 2 28 3
39
1 2 6 3
2 9 53 6
3 6 54 5
4 7 38 6
5 1 35 7
6 6 34 1
7 5 28 8
8 2 25 6
9 8 75 1
10 7 1 1
11 8 66 4
12 2 98 4
13 9 4 7
14 7 43 4
15 11 67 4
16 10 32 9
17 11 73 7
18 3 7 4
19 4 95 5
20 1 95 5
21 1 51 9
22 9 81 6
23 5 13 2
24 6 62 4
25 4 56 7
26 5 64 9
27 1 41 6
28 5 8 3
29 9 47 3
30 4 69 7
31 9 75 9
32 4 72 4
33 6 8 5
34 7 37 6
35 2 97 3
36 11 22 3
37 6 45 7
38 2 91 7
39 10 84 5
38
1 6 67 1
2 1 41 9
3 3 11 2
4 8 18 4
5 1 52 7
6 1 50 9
7 11 71 2
8 6 15 6
9 7 6 4
10 3 89 6
11 1 89 9
12 11 24 8
13 5 77 5
14 4 35 9
15 8 75 1
16 5 30 2
17 8 83 9
18 1 60 5
19 4 52 8
20 9 57 9
21 8 65 7
22 6 63 7
23 5 85 2
24 4 46 7
25 3 72 8
26 1 55 8
27 6 36 1
28 11 20 8
29 2 53 3
30 9 86 2
31 10 18 9
32 9 16 4
33 3 17 1
34 9 31 1
35 8 72 7
36 2 95 5
37 2 50 5
38 2 1 5
47
1 7 59 3
2 5 43 3
3 1 60 2
4 9 75 3
5 1 90 2
6 7 19 2
7 3 90 6
8 5 85 2
9 4 33 4
10 3 31 8
11 9 97 6
12 1 43 7
13 10 80 9
14 2 99 6
15 10 19 5
16 9 29 8
17 3 50 4
18 2 87 2
19 9 62 7
20 6 87 3
21 4 29 4
22 10 6 8
23 8 94 8
24 8 36 5
25 7 29 3
26 3 63 8
27 7 64 1
28 2 37 1
29 9 34 5
30 4 43 9
31 1 72 8
32 5 79 2
33 9 5 4
34 3 8 1
35 3 64 7
36 9 60 3
37 3 15 6
38 9 16 5
39 1 45 1
40 11 33 1
41 9 14 5
42 3 78 2
43 2 71 2
44 5 69 5
45 1 73 3
46 7 1 4
47 11 79 9
31
1 6 59 2
2 7 2 9
3 4 34 8
4 1 45 3
5 2 22 4
6 3 90 5
7 7 59 7
8 5 32 9
9 11 31 1
10 9 10 7
11 10 63 3
12 11 79 2
13 1 5 2
14 1 70 7
15 11 36 8
16 10 67 4
17 11 18 1
18 1 78 1
19 10 68 7
20 7 65 1
21 3 11 2
22 9 84 7
23 10 92 4
24 3 90 6
25 6 97 7
26 8 17 2
27 7 52 3
28 11 14 8
29 9 74 6
30 8 66 1
31 7 29 9
12
1 2 77 9
2 11 67 1
3 11 55 6
4 4 51 3
5 11 67 2
6 4 17 4
7 1 30 2
8 8 5 8
9 4 68 6
10 10 94 3
11 1 21 2
12 11 76 3
48
1 7 42 9
2 10 92 1
3 7 57 9
4 9 74 4
5 7 4 3
6 3 6 8
7 7 71 4
8 3 66 5
9 3 84 6
10 11 60 6
11 9 85 8
12 6 65 9
13 7 37 9
14 8 56 7
15 4 59 3
16 6 84 4
17 9 14 4
18 1 72 1
19 9 93 7
20 4 96 4
21 7 95 4
22 1 56 2
23 10 46 6
24 11 86 6
25 1 78 4
26 2 72 4
27 6 39 8
28 6 28 1
29 9 88 1
30 11 36 5
31 8 57 2
32 1 93 2
33 1 33 1
34 1 38 8
35 9 76 7
36 7 52 1
37 1 66 2
38 4 93 8
39 10 91 8
40 7 51 2
41 7 23 8
42 7 97 7
43 9 32 9
44 8 66 1
45 2 54 5
46 9 52 4
47 3 45 3
48 3 41 8
40
1 10 63 1
2 4 12 9
3 10 34 7
4 5 29 2
5 2 61 2
6 10 25 9
7 9 77 4
8 4 29 6
9 6 71 6
10 8 10 4
11 11 20 9
12 7 62 8
13 7 4 5
14 5 95 4
15 1 51 3
16 4 22 2
17 4 50 5
18 3 55 8
19 8 24 5
20 10 80 8
21 9 79 1
22 4 57 2
23 10 86 3
24 2 98 2
25 9 11 9
26 2 73 4
27 1 76 1
28 7 81 5
29 4 4 6
30 4 21 5
31 6 3 3
32 5 14 2
33 4 59 7
34 1 78 5
35 11 95 8
36 8 69 8
37 3 23 8
38 1 34 4
39 5 30 8
40 6 77 8
16
1 9 93 8
2 11 7 7
3 3 63 2
4 1 42 7
5 9 35 5
6 5 3 1
7 8 23 7
8 6 56 8
9 8 85 6
10 3 60 4
11 6 49 7
12 10 27 1
13 3 37 8
14 9 25 9
15 4 28 5
16 3 35 6
23
1 4 69 3
2 7 25 2
3 4 8 7
4 6 68 9
5 9 15 6
6 6 41 7
7 6 78 3
8 3 3 2
9 6 28 7
10 9 61 1
11 11 18 9
12 1 71 9
13 3 15 5
14 11 66 9
15 10 69 8
16 2 57 5
17 10 4 6
18 10 21 8
19 10 52 5
20 3 79 4
21 6 94 5
22 1 85 2
23 6 98 3
40
1 6 15 6
2 4 83 2
3 4 39 6
4 2 42 9
5 9 60 5
6 5 13 1
7 5 89 2
8 10 84 4
9 9 67 5
10 1 63 8
11 5 23 8
12 8 6 6
13 2 81 2
14 5 36 1
15 11 20 8
16 5 9 5
17 4 20 1
18 2 14 9
19 8 26 3
20 6 13 4
21 3 38 1
22 1 32 1
23 7 40 3
24 8 47 6
25 8 16 4
26 6 12 7
27 3 19 9
28 9 90 9
29 10 91 1
30 2 58 4
31 1 41 7
32 3 48 4
33 2 68 4
34 8 38 1
35 11 93 7
36 4 99 5
37 2 60 9
38 9 68 6
39 9 3 5
40 11 34 9
39
1 7 62 2
2 9 11 3
3 8 78 4
4 5 14 5
5 2 7 9
6 3 4 4
7 3 63 1
8 9 30 6
9 6 32 8
10 5 65 7
11 5 83 2
12 11 65 4
13 10 96 7
14 9 35 5
15 11 79 8
16 7 44 7
17 10 53 6
18 7 48 9
19 1 82 6
20 10 33 2
21 7 86 4
22 10 71 5
23 8 40 6
24 4 89 2
25 3 61 1
26 4 11 8
27 1 7 7
28 10 33 6
29 2 63 7
30 4 65 4
31 3 59 7
32 1 9 2
33 3 22 7
34 9 75 7
35 10 84 4
36 2 53 6
37 1 87 5
38 5 47 1
39 2 63 1
31
1 7 72 1
2 9 31 7
3 7 38 8
4 10 59 3
5 5 32 9
6 3 17 2
7 2 67 7
8 11 54 9
9 4 2 1
10 4 62 8
11 11 26 5
12 5 41 6
13 2 37 1
14 6 12 1
15 7 57 9
16 6 92 2
17 9 26 6
18 9 95 9
19 8 5 8
20 7 92 5
21 2 87 2
22 5 45 7
23 10 10 4
24 2 89 3
25 11 43 3
26 1 9 1
27 4 84 2
28 5 81 7
29 10 14 2
30 1 27 7
31 4 26 8
27
1 10 14 5
2 8 21 7
3 7 11 9
4 6 51 2
5 5 59 1
6 6 41 9
7 9 23 6
8 7 34 7
9 7 61 2
10 11 84 9
11 11 71 6
12 2 3 4
13 10 9 3
14 9 73 8
15 4 8 7
16 6 44 8
17 11 74 3
18 11 52 3
19 10 26 9
20 2 6 7
21 8 27 8
22 10 65 2
23 1 31 8
24 9 47 4
25 3 87 6
26 10 23 1
27 7 41 9
21
1 2 20 8
2 11 43 7
3 1 46 2
4 8 73 7
5 7 36 6
6 7 66 3
7 3 12 6
8 5 96 9
9 1 17 9
10 6 58 7
11 7 92 8
12 2 78 8
13 11 59 9
14 2 47 8
15 6 61 7
16 8 43 1
17 5 49 6
18 5 73 1
19 11 80 4
20 5 68 1
21 7 57 9
32
1 6 50 8
2 6 9 7
3 5 55 3
4 8 15 1
5 4 57 1
6 6 4 6
7 11 75 4
8 10 55 7
9 1 23 6
10 8 77 3
11 2 75 3
12 8 81 7
13 5 56 7
14 3 27 3
15 4 90 1
16 3 12 3
17 7 6 1
18 2 38 9
19 1 68 8
20 10 23 9
21 9 52 9
22 4 38 5
23 5 15 8
24 3 89 2
25 8 96 6
26 7 45 3
27 8 45 2
28 11 9 3
29 2 61 4
30 3 85 7
31 4 55 3
32 9 22 1
26
1 4 15 2
2 7 3 1
3 1 96 6
4 7 41 8
5 3 84 1
6 1 90 3
7 2 51 5
8 3 34 9
9 4 88 3
10 10 8 1
11 10 99 4
12 1 16 3
13 1 30 1
14 8 63 1
15 3 43 3
16 9 70 2
17 10 2 6
18 3 9 7
19 3 45 4
20 11 36 9
21 6 84 2
22 5 48 8
23 8 12 7
24 4 49 1
25 9 42 8
26 7 77 8
39
1 3 43 1
2 5 51 6
3 5 95 9
4 2 30 6
5 7 14 8
6 10 60 4
7 4 71 2
8 7 18 9
9 3 57 7
10 9 34 3
11 6 15 5
12 3 56 2
13 9 26 3
14 3 59 5
15 10 82 1
16 10 40 1
17 3 75 5
18 6 29 4
19 1 78 5
20 1 87 7
21 1 10 6
22 2 45 1
23 2 29 9
24 6 79 1
25 7 23 6
26 11 84 4
27 4 5 6
28 2 51 6
29 6 56 3
30 7 89 1
31 5 92 8
32 2 10 8
33 2 88 8
34 9 25 8
35 8 48 1
36 6 67 1
37 1 45 4
38 3 48 8
39 9 94 5
17
1 2 31 4
2 4 22 2
3 5 31 8
4 7 19 6
5 2 43 2
6 9 88 9
7 3 55 9
8 1 98 1
9 3 46 9
10 11 40 2
11 9 80 6
12 4 97 6
13 1 39 4
14 9 8 5
15 3 25 4
16 1 78 5
17 9 30 8
25
1 9 40 2
2 11 83 8
3 8 22 9
4 3 99 3
5 5 96 8
6 5 34 9
7 3 39 4
8 3 64 7
9 2 40 2
10 10 68 7
11 7 51 5
12 11 65 9
13 4 1 6
14 3 21 2
15 2 62 7
16 7 44 6
17 7 2 8
18 2 25 2
19 10 33 6
20 3 94 6
21 4 6 8
22 8 4 3
23 6 9 8
24 6 82 7
25 2 15 3
38
1 7 6 9
2 3 5 5
3 4 29 6
4 11 62 3
5 2 54 6
6 6 59 2
7 2 62 4
8 8 68 9
9 11 51 4
10 2 63 6
11 8 80 1
12 2 12 1
13 6 24 2
14 2 87 4
15 6 56 6
16 2 20 8
17 3 14 9
18 8 48 2
19 9 60 5
20 2 84 8
21 9 46 2
22 11 8 8
23 9 72 3
24 9 1 6
25 7 96 5
26 6 30 3
27 3 18 3
28 3 46 9
29 6 93 9
30 11 63 4
31 4 17 8
32 3 61 7
33 10 97 7
34 2 57 3
35 11 95 4
36 7 70 5
37 3 34 5
38 7 50 1
27
1 11 99 4
2 8 62 5
3 9 78 3
4 9 37 1
5 5 34 7
6 6 88 7
7 5 83 1
8 10 51 4
9 10 85 6
10 6 33 6
11 11 16 2
12 10 2 7
13 3 23 7
14 4 84 5
15 7 7 8
16 6 31 8
17 5 83 1
18 11 48 2
19 6 27 9
20 11 32 8
21 10 22 4
22 1 20 5
23 3 24 5
24 1 80 1
25 5 42 4
26 11 32 5
27 6 66 2
17
1 5 4 2
2 10 30 1
3 8 59 9
4 4 81 1
5 5 1 5
6 5 22 9
7 5 2 7
8 7 44 9
9 4 73 2
10 9 39 3
11 6 4 2
12 7 74 7
13 1 26 9
14 5 35 2
15 6 74 2
16 4 80 6
17 3 67 2
13
1 2 1 3
2 5 73 2
3 11 12 3
4 4 13 4
5 8 87 1
6 9 13 7
7 11 46 9
8 3 18 8
9 6 97 5
10 6 64 6
11 9 46 3
12 10 55 1
13 3 75 8
22
1 6 80 6
2 2 65 5
3 8 76 2
4 7 20 8
5 7 37 7
6 1 34 9
7 6 96 3
8 2 40 3
9 9 94 4
10 11 69 2
11 1 10 4
12 2 5 1
13 11 67 4
14 7 66 3
15 4 43 2
16 7 58 6
17 6 40 2
18 2 25 2
19 8 89 3
20 3 34 9
21 3 28 9
22 1 8 7
40
1 7 35 9
2 3 1 3
3 6 41 2
4 2 98 5
5 7 36 6
6 6 60 5
7 2 49 7
8 2 82 5
9 3 8 4
10 1 16 1
11 4 33 4
12 5 87 6
13 3 41 3
14 8 28 8
15 4 4 3
16 6 18 5
17 11 96 3
18 2 28 9
19 5 65 9
20 10 45 1
21 3 65 8
22 1 97 2
23 8 36 3
24 3 7 8
25 6 70 9
26 9 83 1
27 4 41 5
28 10 31 1
29 2 10 7
30 1 46 1
31 1 7 7
32 10 26 8
33 8 99 4
34 8 70 4
35 2 34 2
36 5 23 3
37 9 97 2
38 3 7 4
39 9 30 6
40 7 73 1
40
1 8 45 7
2 4 69 4
3 11 68 5
4 6 36 8
5 7 69 7
6 9 89 7
7 6 86 8
8 6 91 2
9 3 21 6
10 7 93 4
11 2 43 6
12 2 35 2
13 2 21 6
14 3 89 8
15 6 59 7
16 6 48 6
17 5 89 3
18 11 17 4
19 2 83 6
20 9 14 4
21 2 72 2
22 10 91 1
23 11 94 2
24 8 48 8
25 8 16 3
26 1 39 4
27 2 31 8
28 11 50 7
29 3 82 7
30 8 20 6
31 11 3 6
32 5 74 3
33 5 3 5
34 8 53 1
35 11 65 5
36 5 3 2
37 8 53 8
38 3 5 1
39 8 45 2
40 11 96 3
14
1 7 18 9
2 11 89 9
3 2 89 4
4 10 42 5
5 7 5 7
6 11 5 6
7 6 57 2
8 6 60 2
9 3 5 1
10 11 98 4
11 3 43 1
12 9 78 2
13 9 80 5
14 7 46 4
49
1 3 18 5
2 11 21 8
3 3 75 9
4 9 35 8
5 9 40 9
6 6 36 3
7 8 79 1
8 4 55 2
9 10 35 5
10 6 80 6
11 8 37 2
12 1 98 4
13 8 43 6
14 6 24 2
15 5 84 1
16 9 48 9
17 1 21 9
18 2 66 2
19 10 97 8
20 1 64 6
21 1 12 8
22 5 78 6
23 3 45 5
24 11 63 7
25 10 99 4
26 5 16 3
27 8 96 2
28 4 32 7
29 3 12 2
30 9 9 2
31 5 32 7
32 5 98 4
33 3 31 2
34 3 98 2
35 10 38 7
36 8 86 3
37 1 78 3
38 6 92 1
39 4 82 2
40 4 81 6
41 10 69 2
42 7 82 9
43 5 18 1
44 2 19 9
45 10 5 8
46 3 61 5
47 9 34 8
48 10 43 5
49 11 53 4
32
1 10 16 5
2 6 84 6
3 10 64 4
4 4 81 2
5 3 97 1
6 1 2 9
7 2 62 2
8 10 95 8
9 6 37 1
10 5 89 5
11 6 46 1
12 10 68 4
13 4 24 2
14 1 61 1
15 3 69 2
16 11 3 3
17 2 13 6
18 6 63 4
19 11 19 2
20 3 68 6
21 1 12 9
22 1 60 8
23 2 50 1
24 1 23 2
25 4 41 2
26 6 68 8
27 8 10 5
28 8 47 1
29 4 48 6
30 11 61 4
31 10 24 5
32 8 49 7
37
1 8 7 3
2 8 28 4
3 1 66 3
4 4 34 8
5 1 43 4
6 8 89 2
7 11 36 7
8 9 94 8
9 7 16 3
10 4 64 1
11 3 82 9
12 7 83 2
13 10 58 6
14 9 91 1
15 7 74 6
16 5 57 6
17 4 79 3
18 4 23 8
19 9 50 9
20 2 77 7
21 8 77 5
22 11 49 1
23 5 52 1
24 6 14 4
25 8 65 3
26 2 43 7
27 3 52 7
28 2 14 6
29 2 12 6
30 7 45 3
31 5 68 7
32 2 84 3
33 4 19 8
34 11 40 7
35 2 79 4
36 9 74 2
37 8 17 9
26
1 4 71 4
2 3 80 9
3 7 25 9
4 9 90 6
5 10 72 9
6 11 91 7
7 10 31 2
8 10 8 3
9 7 81 2
10 1 97 1
11 3 37 2
12 5 70 9
13 7 85 1
14 9 37 5
15 9 52 9
16 3 49 3
17 5 93 9
18 3 50 8
19 8 51 6
20 1 85 1
21 9 21 8
22 11 47 2
23 1 99 3
24 9 94 9
25 1 20 3
26 8 13 7
33
1 3 36 1
2 3 83 7
3 8 32 3
4 8 17 3
5 4 37 9
6 3 81 1
7 3 80 2
8 9 75 8
9 7 94 1
10 3 5 7
11 10 59 7
12 10 9 4
13 4 74 6
14 2 75 2
15 5 90 7
16 6 72 1
17 9 44 9
18 10 60 6
19 7 60 1
20 10 56 7
21 1 51 9
22 4 82 9
23 11 87 2
24 5 86 5
25 2 1 5
26 3 80 4
27 7 52 1
28 4 20 5
29 9 27 9
30 11 67 7
31 9 84 7
32 5 12 9
33 7 29 2
42
1 6 88 4
2 5 86 8
3 6 65 1
4 10 15 1
5 2 34 3
6 10 58 2
7 8 24 6
8 5 8 3
9 7 17 9
10 2 45 9
11 4 13 1
12 2 54 3
13 10 45 8
14 8 34 2
15 1 54 2
16 10 8 1
17 11 94 4
18 1 13 3
19 6 20 2
20 1 82 1
21 10 37 1
22 9 91 4
23 8 54 5
24 6 89 4
25 5 16 9
26 3 6 1
27 9 90 3
28 3 56 3
29 3 38 6
30 11 56 1
31 4 9 1
32 5 85 3
33 5 69 3
34 3 25 3
35 2 68 7
36 6 30 8
37 11 68 8
38 11 5 1
39 11 46 6
40 4 11 1
41 2 38 5
42 9 38 7
20
1 11 47 5
2 3 71 7
3 4 37 2
4 7 66 9
5 5 34 6
6 4 38 4
7 3 84 7
8 5 92 7
9 4 28 2
10 10 65 8
11 1 31 7
12 1 1 6
13 4 72 3
14 7 7 5
15 7 66 3
16 5 4 1
17 10 91 5
18 3 16 1
19 4 42 2
20 7 76 8
49
1 6 3 8
2 6 1 5
3 9 73 5
4 3 77 7
5 9 41 9
6 11 44 9
7 7 35 5
8 9 48 3
9 10 89 2
10 5 65 1
11 8 70 9
12 8 54 2
13 8 95 7
14 1 20 1
15 9 11 5
16 5 89 7
17 4 82 6
18 3 49 4
19 6 32 2
20 6 75 3
21 2 99 3
22 6 74 3
23 4 33 2
24 10 49 7
25 6 60 8
26 3 37 3
27 1 87 6
28 6 1 2
29 10 54 3
30 6 56 8
31 2 77 6
32 1 14 8
33 6 67 2
34 5 11 8
35 7 18 4
36 11 29 1
37 4 86 3
38 2 23 4
39 11 88 1
40 9 68 8
41 10 26 8
42 7 33 5
43 7 44 2
44 8 49 5
45 7 70 1
46 11 14 8
47 4 68 9
48 11 18 5
49 11 7 9
49
1 5 53 5
2 3 79 1
3 7 12 4
4 2 53 5
5 9 99 7
6 2 67 5
7 1 80 4
8 5 47 3
9 4 64 5
10 3 68 5
11 10 35 6
12 5 6 1
13 6 27 3
14 5 13 3
15 11 9 8
16 11 13 8
17 11 79 9
18 1 98 4
19 3 48 1
20 9 5 8
21 10 1 7
22 9 17 4
23 4 17 6
24 8 72 1
25 8 25 1
26 5 21 8
27 4 29 1
28 6 41 1
29 2 30 2
30 5 1 8
31 10 32 9
32 8 81 9
33 1 23 5
34 6 66 7
35 11 64 4
36 11 18 7
37 10 90 5
38 5 61 7
39 11 80 7
40 7 4 7
41 6 3 5
42 4 11 9
43 5 31 2
44 5 92 9
45 4 3 7
46 2 73 1
47 6 12 7
48 7 97 4
49 1 31 5
24
1 11 46 8
2 5 48 4
3 7 57 1
4 11 87 9
5 3 79 8
6 6 80 3
7 5 53 4
8 10 62 8
9 3 59 2
10 1 87 4
11 10 40 1
12 11 14 6
13 2 3 7
14 3 20 5
15 10 89 8
16 10 10 9
17 1 4 3
18 7 10 1
19 2 2 4
20 3 85 9
21 10 2 1
22 3 88 3
23 6 14 4
24 8 25 9
36
1 6 26 5
2 2 35 4
3 2 37 4
4 8 44 3
5 7 45 6
6 7 30 3
7 5 29 3
8 7 18 6
9 10 29 9
10 5 53 7
11 8 46 4
12 9 2 5
13 8 13 6
14 9 87 7
15 8 38 9
16 7 40 9
17 1 14 1
18 8 26 2
19 3 86 9
20 7 65 7
21 4 12 3
22 3 59 6
23 4 19 3
24 5 50 1
25 1 74 5
26 3 73 7
27 8 8 1
28 10 80 5
29 2 7 6
30 10 4 8
31 7 6 6
32 7 36 2
33 9 29 1
34 5 20 2
35 9 50 5
36 5 63 1
30
1 1 28 7
2 10 8 9
3 9 14 5
4 7 17 1
5 2 20 4
6 7 55 5
7 4 82 4
8 6 99 3
9 3 49 7
10 6 11 5
11 6 98 2
12 9 53 7
13 6 28 2
14 6 11 8
15 1 30 7
16 7 71 3
17 5 11 5
18 9 38 7
19 6 35 8
20 9 13 4
21 8 21 2
22 4 28 1
23 1 18 5
24 5 70 4
25 2 23 9
26 9 23 7
27 2 82 1
28 10 25 4
29 3 21 6
30 3 25 1
