71
14
1 3 92 4
2 2 69 6
3 6 98 1
4 8 21 5
5 7 76 7
6 5 67 8
7 5 86 9
8 11 53 2
9 5 30 6
10 8 10 8
11 4 21 5
12 5 89 4
13 7 17 2
14 4 55 8
41
1 5 65 5
2 9 32 3
3 1 16 2
4 11 68 1
5 2 97 4
6 10 6 9
7 11 26 3
8 4 13 6
9 9 29 5
10 1 83 3
11 2 49 2
12 9 15 2
13 6 23 3
14 10 23 6
15 1 69 7
16 7 60 1
17 10 17 9
18 11 83 2
19 1 78 4
20 5 60 3
21 8 79 8
22 1 6 6
23 4 98 6
24 2 11 3
25 2 25 3
26 3 23 8
27 5 21 6
28 10 22 3
29 4 97 9
30 2 16 8
31 6 68 5
32 5 17 6
33 9 92 9
34 5 12 8
35 5 39 8
36 5 71 5
37 5 14 5
38 3 88 1
39 11 6 7
40 6 92 9
41 10 34 5
38
1 10 79 3
2 7 72 9
3 11 81 7
4 2 20 6
5 6 91 8
6 9 5 4
7 9 90 2
8 9 93 9
9 3 86 6
10 11 18 2
11 9 90 5
12 10 17 7
13 2 33 9
14 5 90 7
15 1 16 1
16 3 89 8
17 5 10 1
18 4 54 9
19 6 77 7
20 1 94 4
21 7 98 9
22 8 84 3
23 1 48 4
24 11 88 3
25 1 34 3
26 3 33 1
27 4 49 3
28 2 73 9
29 9 88 8
30 8 90 1
31 1 44 8
32 8 28 6
33 4 12 2
34 7 75 1
35 4 41 8
36 4 95 3
37 3 41 6
38 5 67 7
28
1 6 22 9
2 1 10 7
3 1 53 4
4 8 79 9
5 9 88 8
6 2 63 8
7 5 2 4
8 9 96 4
9 9 35 8
10 3 99 5
11 11 60 3
12 8 76 1
13 6 16 7
14 2 40 4
15 1 29 5
16 11 88 3
17 7 17 4
18 6 29 2
19 2 25 4
20 1 21 1
21 9 75 4
22 2 30 7
23 11 16 2
24 2 62 2
25 6 84 6
26 10 42 5
27 7 79 3
28 1 80 2
39
1 7 61 2
2 7 81 1
3 4 54 4
4 3 81 1
5 1 94 9
6 2 55 8
7 6 39 2
8 4 78 6
9 9 55 8
10 7 35 7
11 10 89 1
12 5 53 2
13 6 90 9
14 5 90 1
15 6 45 5
16 10 95 7
17 9 70 2
18 1 75 5
19 2 81 3
20 10 60 8
21 1 79 7
22 10 33 1
23 7 24 3
24 6 6 3
25 7 10 3
26 5 79 2
27 1 97 3
28 4 72 4
29 10 2 9
30 2 88 6
31 7 74 8
32 6 20 8
33 5 5 4
34 4 79 8
35 9 25 9
36 5 35 8
37 5 62 4
38 2 46 4
39 7 63 6
31
1 6 36 3
2 10 11 8
3 4 30 4
4 6 34 5
5 8 12 3
6 5 36 1
7 8 69 8
8 1 29 9
9 11 74 1
10 6 36 6
11 9 99 9
12 11 89 1
13 10 11 2
14 7 25 2
15 5 79 8
16 5 14 4
17 6 12 1
18 6 45 9
19 1 63 3
20 9 85 9
21 11 12 8
22 8 4 9
23 8 95 8
24 6 58 1
25 6 83 1
26 5 67 9
27 8 13 6
28 8 2 8
29 9 11 3
30 5 92 6
31 10 88 8
15
1 3 3 4
2 11 95 3
3 3 54 1
4 8 35 1
5 1 2 8
6 8 13 4
7 3 14 3
8 9 24 3
9 11 14 8
10 10 3 4
11 9 42 3
12 9 96 9
13 2 61 5
14 9 59 2
15 11 28 7
30
1 7 33 5
2 7 46 5
3 4 68 7
4 4 81 3
5 11 81 6
6 8 24 6
7 3 18 6
8 2 78 8
9 11 36 8
10 10 63 3
11 6 4 7
12 6 33 5
13 7 1 7
14 8 91 3
15 10 67 3
16 2 64 6
17 1 76 3
18 8 74 8
19 6 16 6
20 8 36 9
21 3 52 1
22 6 72 1
23 4 51 9
24 4 43 2
25 7 88 4
26 7 29 4
27 2 4 8
28 11 45 1
29 6 41 9
30 10 11 4
25
1 7 18 3
2 11 89 1
3 3 38 9
4 4 80 2
5 8 67 3
6 2 95 6
7 3 96 3
8 3 42 3
9 8 80 9
10 4 89 4
11 5 62 9
12 11 26 4
13 11 53 8
14 3 79 6
15 5 27 2
16 5 96 5
17 9 6 4
18 6 98 8
19 1 89 1
20 3 27 7
21 1 26 9
22 7 3 7
23 11 98 4
24 6 67 2
25 7 40 5
28
1 7 60 8
2 4 65 9
3 7 62 5
4 7 51 5
5 10 77 1
6 8 3 7
7 4 3 4
8 3 2 7
9 8 66 8
10 3 6 4
11 11 30 6
12 5 18 9
13 1 95 2
14 7 99 2
15 2 97 2
16 10 31 7
17 11 53 5
18 11 3 4
19 10 65 7
20 10 93 4
21 2 15 3
22 7 50 6
23 3 13 2
24 9 60 4
25 6 25 1
26 4 31 8
27 10 62 9
28 7 27 9
37
1 5 61 6
2 1 52 7
3 3 66 1
4 7 14 6
5 9 27 7
6 4 84 9
7 8 9 7
8 11 38 5
9 9 97 3
10 3 25 2
11 10 10 8
12 4 89 9
13 9 60 7
14 8 83 7
15 10 79 7
16 1 31 3
17 7 73 7
18 3 12 5
19 7 59 3
20 4 22 1
21 4 12 6
22 3 2 6
23 1 69 3
24 5 19 9
25 8 79 1
26 9 62 9
27 4 86 2
28 10 64 9
29 11 37 8
30 1 1 7
31 10 49 7
32 10 43 8
33 9 34 7
34 9 85 9
35 5 13 4
36 5 39 2
37 11 48 4
14
1 3 36 2
2 2 72 1
3 1 70 5
4 10 17 2
5 6 59 8
6 1 90 3
7 7 75 3
8 9 86 6
9 2 25 5
10 10 70 8
11 5 16 2
12 7 88 6
13 11 9 6
14 1 26 5
24
1 1 94 6
2 10 85 9
3 5 58 9
4 3 44 5
5 2 67 7
6 1 37 6
7 5 52 5
8 9 38 1
9 8 46 5
10 7 70 9
11 11 64 3
12 5 27 1
13 10 53 6
14 2 28 4
15 1 98 8
16 1 2 7
17 3 42 7
18 10 94 1
19 2 69 1
20 1 33 4
21 4 6 1
22 2 76 9
23 4 63 1
24 11 28 4
39
1 11 32 7
2 9 33 2
3 11 72 9
4 8 65 7
5 9 34 7
6 9 64 2
7 11 69 9
8 10 44 8
9 2 7 7
10 1 35 1
11 2 95 6
12 11 33 9
13 9 39 5
14 1 90 2
15 10 14 3
16 9 60 3
17 4 12 7
18 5 54 9
19 4 49 6
20 10 22 3
21 9 35 6
22 2 23 6
23 11 54 1
24 5 45 3
25 5 54 3
26 7 83 8
27 9 96 5
28 7 32 5
29 5 45 1
30 9 45 5
31 7 68 4
32 8 46 4
33 6 9 1
34 4 27 8
35 2 63 3
36 1 53 4
37 4 55 6
38 1 39 1
39 10 48 3
32
1 1 19 5
2 7 84 6
3 1 29 1
4 6 37 1
5 8 61 6
6 9 24 8
7 9 74 9
8 2 27 3
9 11 65 2
10 9 11 4
11 4 97 1
12 11 84 5
13 5 28 5
14 11 18 3
15 3 77 8
16 6 20 8
17 5 71 2
18 2 20 1
19 4 55 5
20 1 31 6
21 11 38 5
22 6 96 5
23 11 54 7
24 5 83 1
25 11 9 2
26 9 95 9
27 4 69 1
28 8 31 2
29 3 80 3
30 2 48 1
31 8 7 2
32 11 72 6
39
1 4 82 6
2 6 63 6
3 6 71 7
4 1 65 4
5 4 34 5
6 9 63 4
7 1 43 4
8 11 88 4
9 6 93 4
10 5 65 7
11 9 98 7
12 1 11 2
13 8 61 1
14 11 64 8
15 9 57 2
16 9 52 2
17 3 80 4
18 2 48 8
19 10 58 9
20 3 19 4
21 2 16 1
22 11 62 5
23 8 88 8
24 2 5 6
25 11 32 7
26 10 69 6
27 4 25 1
28 7 66 1
29 8 91 8
30 10 31 7
31 6 11 6
32 8 15 3
33 3 3 2
34 11 44 6
35 5 6 9
36 1 18 4
37 3 43 4
38 3 24 1
39 2 47 9
29
1 4 11 6
2 9 21 3
3 5 34 5
4 6 36 4
5 5 77 8
6 7 80 7
7 7 95 1
8 7 37 3
9 7 58 3
10 7 5 1
11 10 10 7
12 7 73 9
13 6 94 5
14 6 79 4
15 6 95 3
16 3 73 3
17 6 98 1
18 10 8 7
19 11 18 2
20 2 90 3
21 6 42 1
22 3 12 1
23 7 51 3
24 1 70 9
25 1 72 5
26 5 55 1
27 11 55 7
28 8 70 5
29 4 24 2
41
1 4 75 8
2 7 18 7
3 9 27 5
4 3 75 7
5 3 46 4
6 1 16 6
7 6 70 6
8 3 23 2
9 10 93 6
10 3 15 5
11 10 21 5
12 8 18 1
13 1 22 6
14 3 71 4
15 1 38 5
16 11 23 5
17 4 10 8
18 6 56 1
19 6 14 3
20 8 73 1
21 1 77 3
22 10 75 9
23 3 27 1
24 2 57 1
25 4 88 4
26 6 19 3
27 6 44 2
28 2 26 3
29 3 27 8
30 5 16 7
31 9 81 9
32 7 98 4
33 4 78 7
34 8 52 2
35 8 89 2
36 5 38 3
37 1 12 6
38 1 75 9
39 2 55 5
40 4 43 4
41 9 49 9
46
1 11 73 7
2 4 51 4
3 11 3 3
4 5 92 4
5 10 30 6
6 10 39 9
7 8 14 9
8 10 66 4
9 11 8 5
10 6 56 5
11 5 54 5
12 11 55 9
13 6 38 5
14 7 50 3
15 10 72 9
16 4 8 3
17 9 70 2
18 9 27 2
19 8 56 2
20 4 15 5
21 3 27 1
22 1 96 8
23 9 55 1
24 2 83 5
25 6 53 8
26 11 55 4
27 5 21 9
28 9 4 7
29 11 84 9
30 11 62 8
31 2 8 8
32 6 95 5
33 2 77 2
34 11 52 8
35 5 14 9
36 2 89 9
37 2 14 5
38 9 2 6
39 1 17 6
40 8 67 6
41 1 11 2
42 6 94 6
43 1 76 4
44 9 92 3
45 5 89 1
46 5 41 9
18
1 2 93 7
2 10 92 4
3 8 10 7
4 2 76 1
5 2 85 2
6 6 79 5
7 4 53 9
8 2 43 9
9 4 32 1
10 7 72 7
11 9 25 3
12 1 17 5
13 4 3 7
14 11 94 6
15 10 12 3
16 4 8 7
17 3 23 2
18 1 58 7
30
1 7 40 2
2 2 12 8
3 9 34 8
4 9 48 1
5 1 51 8
6 1 43 4
7 8 54 4
8 11 59 2
9 2 79 1
10 11 36 7
11 8 28 7
12 3 88 7
13 3 41 7
14 2 15 5
15 5 47 7
16 9 77 7
17 7 87 2
18 4 34 6
19 5 16 6
20 5 65 8
21 7 99 9
22 10 24 2
23 9 21 9
24 6 68 9
25 7 38 4
26 9 7 1
27 6 26 5
28 4 32 5
29 3 37 8
30 5 6 8
42
1 1 3 4
2 10 24 5
3 6 44 2
4 9 10 1
5 4 47 3
6 10 53 3
7 2 77 5
8 5 7 1
9 5 43 8
10 10 46 6
11 2 94 1
12 4 97 2
13 5 80 7
14 2 99 9
15 11 54 2
16 11 2 5
17 7 33 4
18 6 94 3
19 1 92 7
20 8 5 4
21 7 48 4
22 2 68 4
23 10 90 9
24 10 88 3
25 7 44 4
26 5 83 7
27 6 14 6
28 4 25 7
29 9 41 5
30 11 96 9
31 4 1 2
32 8 47 6
33 7 65 7
34 8 92 7
35 7 42 1
36 5 55 6
37 10 85 9
38 1 10 9
39 2 32 2
40 9 92 5
41 5 37 1
42 3 61 9
19
1 8 24 2
2 3 14 6
3 9 55 7
4 11 8 3
5 9 92 2
6 8 99 9
7 9 29 1
8 4 21 5
9 8 58 5
10 9 17 5
11 1 70 5
12 11 76 8
13 2 82 9
14 11 91 5
15 7 9 8
16 9 71 1
17 8 8 7
18 4 37 5
19 11 85 7
26
1 4 14 6
2 2 84 1
3 1 60 7
4 1 40 6
5 11 29 1
6 6 37 6
7 1 7 4
8 9 12 1
9 10 49 3
10 9 32 1
11 9 55 5
12 11 44 8
13 4 59 6
14 6 71 5
15 1 16 3
16 5 66 6
17 9 50 5
18 2 75 8
19 2 69 9
20 4 69 7
21 2 26 4
22 10 51 5
23 10 73 9
24 11 41 6
25 5 51 5
26 9 11 4
34
1 4 11 4
2 5 86 1
3 5 53 7
4 8 22 4
5 8 45 7
6 6 94 1
7 4 67 7
8 2 8 3
9 6 58 5
10 1 66 9
11 6 77 1
12 4 32 5
13 10 92 6
14 7 67 3
15 4 62 3
16 4 98 4
17 9 77 1
18 7 60 9
19 4 46 8
20 4 61 9
21 2 69 8
22 10 37 8
23 6 40 8
24 7 6 8
25 7 90 9
26 1 3 7
27 10 93 2
28 8 73 6
29 10 24 7
30 11 42 1
31 6 85 6
32 6 63 2
33 9 61 2
34 2 30 1
23
1 7 17 9
2 7 19 6
3 3 11 7
4 8 81 2
5 6 5 6
6 4 46 6
7 7 29 9
8 1 89 1
9 7 48 9
10 8 77 8
11 3 67 9
12 9 55 7
13 3 68 2
14 11 4 3
15 3 64 8
16 8 4 6
17 7 49 3
18 3 92 2
19 1 65 5
20 5 81 4
21 4 24 3
22 3 39 9
23 11 65 4
48
1 10 93 4
2 10 55 1
3 4 58 6
4 11 5 7
5 11 97 8
6 11 60 4
7 2 39 5
8 6 60 5
9 6 96 4
10 5 61 8
11 5 81 4
12 7 63 4
13 4 30 3
14 7 88 7
15 9 94 2
16 6 88 9
17 8 27 7
18 11 5 6
19 4 26 1
20 9 13 8
21 2 95 2
22 5 90 6
23 10 9 9
24 4 15 5
25 4 97 6
26 9 31 1
27 6 44 2
28 8 40 9
29 1 83 4
30 3 99 3
31 2 72 7
32 9 95 8
33 8 20 8
34 5 7 7
35 8 57 3
36 3 66 4
37 11 92 7
38 11 72 9
39 4 66 5
40 10 66 8
41 9 37 1
42 1 51 1
43 5 75 7
44 3 36 1
45 9 20 2
46 8 21 7
47 5 27 5
48 9 60 1
24
1 5 99 1
2 3 63 6
3 10 99 7
4 10 49 5
5 4 24 1
6 4 59 1
7 10 76 3
8 6 96 7
9 10 21 2
10 5 78 2
11 5 7 9
12 4 57 9
13 1 97 8
14 9 93 3
15 2 93 6
16 1 57 1
17 2 57 1
18 11 64 6
19 5 72 2
20 1 27 6
21 2 8 6
22 6 77 4
23 5 2 1
24 3 13 4
41
1 8 75 7
2 8 32 7
3 10 89 5
4 7 51 1
5 1 21 9
6 10 47 5
7 11 52 9
8 5 30 1
9 8 29 1
10 10 41 4
11 3 74 5
12 11 87 7
13 9 89 6
14 7 98 1
15 11 95 5
16 10 37 2
17 10 97 3
18 7 61 7
19 1 70 4
20 5 62 8
21 1 29 5
22 6 80 4
23 2 85 5
24 2 83 3
25 9 14 5
26 4 31 8
27 5 69 4
28 11 64 4
29 5 13 4
30 6 2 5
31 2 13 8
32 8 23 1
33 8 64 8
34 4 19 2
35 7 39 3
36 7 47 6
37 4 84 1
38 5 6 6
39 2 34 2
40 4 2 1
41 3 45 6
31
1 6 27 7
2 2 88 5
3 3 5 6
4 8 44 6
5 3 88 2
6 7 72 9
7 11 77 6
8 10 11 7
9 2 10 5
10 3 52 9
11 7 85 2
12 9 42 9
13 7 47 2
14 11 16 9
15 8 60 5
16 7 33 5
17 1 72 9
18 9 85 1
19 6 44 2
20 4 79 3
21 9 52 6
22 3 6 6
23 11 59 2
24 2 21 3
25 4 7 1
26 9 63 4
27 6 6 7
28 11 13 2
29 7 77 6
30 4 86 9
31 6 46 8
12
1 4 14 5
2 3 72 6
3 5 90 8
4 8 94 9
5 3 57 3
6 8 60 7
7 7 73 8
8 2 48 3
9 6 35 2
10 9 78 7
11 6 55 4
12 8 25 5
16
1 6 24 5
2 11 18 2
3 3 73 2
4 8 33 7
5 4 6 3
6 3 52 5
7 6 86 4
8 1 64 9
9 6 18 3
10 11 40 7
11 11 87 9
12 1 26 2
13 7 7 1
14 11 58 7
15 11 43 1
16 3 72 4
27
1 4 60 4
2 5 25 3
3 8 40 3
4 8 79 8
5 7 66 5
6 5 89 6
7 11 96 6
8 11 52 2
9 8 92 9
10 10 65 3
11 7 84 8
12 11 50 8
13 11 23 9
14 6 75 7
15 5 51 9
16 5 74 2
17 5 87 2
18 10 41 8
19 7 49 6
20 10 25 3
21 6 57 9
22 1 82 3
23 4 79 2
24 5 93 3
25 11 2 9
26 6 2 7
27 1 10 4
20
1 1 48 8
2 7 96 4
3 4 19 4
4 7 75 2
5 8 57 4
6 11 35 3
7 2 28 3
8 11 29 3
9 5 28 7
10 3 37 1
11 10 51 6
12 11 88 7
13 6 90 7
14 11 73 7
15 9 11 6
16 8 4 8
17 9 88 1
18 3 79 9
19 8 58 1
20 11 95 5
27
1 8 63 8
2 8 52 5
3 11 42 1
4 10 13 7
5 7 23 3
6 2 26 1
7 8 14 8
8 9 90 5
9 5 49 6
10 2 42 8
11 5 92 4
12 11 40 4
13 7 31 7
14 2 82 9
15 3 64 7
16 3 54 5
17 6 52 8
18 7 57 6
19 6 15 8
20 10 94 5
21 5 70 6
22 6 63 6
23 2 87 1
24 10 77 1
25 2 37 2
26 8 32 9
27 6 55 3
43
1 9 57 4
2 4 69 9
3 11 63 3
4 3 31 8
5 8 93 2
6 9 79 2
7 6 54 9
8 5 90 1
9 10 23 7
10 5 75 9
11 5 7 7
12 4 13 3
13 6 78 3
14 11 94 6
15 8 12 2
16 11 38 9
17 1 19 5
18 8 8 8
19 10 86 6
20 10 57 6
21 5 36 6
22 9 27 8
23 11 83 4
24 11 96 6
25 4 52 2
26 4 67 1
27 7 99 4
28 3 77 7
29 9 1 9
30 4 13 4
31 5 18 8
32 5 68 1
33 7 33 4
34 11 74 3
35 7 22 6
36 1 65 1
37 1 87 6
38 9 37 9
39 9 7 2
40 9 17 7
41 9 40 2
42 4 85 4
43 6 59 4
27
1 5 44 8
2 11 65 2
3 11 30 2
4 10 15 5
5 7 49 3
6 4 53 2
7 11 67 6
8 8 8 8
9 9 90 9
10 1 50 3
11 4 91 5
12 3 20 9
13 10 47 5
14 4 24 2
15 8 15 1
16 10 98 4
17 6 31 3
18 6 29 7
19 2 37 8
20 2 29 1
21 7 58 6
22 9 73 2
23 4 77 6
24 6 33 1
25 6 5 9
26 9 35 1
27 7 62 9
37
1 5 31 5
2 5 66 1
3 6 92 8
4 10 48 4
5 5 21 3
6 8 96 8
7 1 29 7
8 6 31 4
9 3 65 4
10 8 25 1
11 1 63 1
12 7 1 1
13 6 87 6
14 7 53 2
15 10 64 7
16 9 52 4
17 5 74 4
18 9 5 8
19 7 61 6
20 3 14 4
21 6 5 4
22 2 75 7
23 11 60 2
24 8 43 6
25 5 94 4
26 11 6 4
27 7 18 7
28 1 87 2
29 4 92 8
30 9 5 5
31 11 26 1
32 3 86 3
33 11 51 4
34 5 12 1
35 1 15 3
36 5 79 5
37 10 2 3
39
1 7 45 3
2 10 37 9
3 5 41 4
4 3 64 2
5 5 49 4
6 4 99 5
7 6 9 5
8 7 21 5
9 11 97 8
10 9 98 1
11 9 9 6
12 10 44 6
13 2 81 1
14 8 28 6
15 3 49 5
16 7 9 5
17 7 56 6
18 2 97 5
19 10 93 7
20 7 66 4
21 4 96 5
22 1 83 3
23 11 73 1
24 3 33 4
25 6 27 6
26 8 4 1
27 5 61 3
28 4 48 3
29 10 97 5
30 3 54 2
31 11 74 7
32 7 4 2
33 11 76 2
34 6 33 1
35 3 38 9
36 7 36 1
37 8 28 7
38 3 19 4
39 4 32 5
30
1 10 96 4
2 7 70 2
3 1 73 1
4 11 48 1
5 5 80 1
6 7 16 8
7 1 49 6
8 8 76 1
9 10 92 5
10 11 22 9
11 8 80 8
12 4 79 2
13 6 41 3
14 10 32 7
15 2 94 1
16 2 2 2
17 6 68 2
18 11 23 8
19 7 45 6
20 11 7 5
21 10 77 9
22 1 85 8
23 11 61 2
24 8 13 5
25 6 21 9
26 11 2 1
27 10 93 7
28 11 37 9
29 1 33 1
30 10 27 6
22
1 10 90 8
2 8 76 4
3 8 37 5
4 4 47 8
5 7 67 7
6 5 68 5
7 3 61 2
8 1 96 8
9 10 29 9
10 8 55 3
11 11 16 6
12 1 46 5
13 10 49 3
14 11 2 9
15 1 24 3
16 10 19 2
17 10 1 3
18 4 33 2
19 9 59 2
20 5 6 9
21 4 27 5
22 6 56 8
35
1 2 56 4
2 2 55 1
3 11 78 4
4 9 94 5
5 7 94 7
6 9 28 6
7 6 84 5
8 8 87 5
9 10 15 7
10 4 70 3
11 11 74 7
12 9 90 5
13 8 75 8
14 6 51 6
15 1 19 5
16 4 25 1
17 7 72 4
18 1 83 1
19 10 90 5
20 11 11 8
21 2 42 8
22 9 19 8
23 10 15 7
24 6 75 8
25 1 7 4
26 8 77 4
27 8 51 8
28 3 22 6
29 8 35 8
30 7 52 5
31 5 77 5
32 2 64 8
33 10 68 9
34 11 67 1
35 8 50 9
11
1 2 64 8
2 8 16 5
3 8 37 1
4 2 70 6
5 7 20 9
6 11 94 4
7 10 56 1
8 6 25 7
9 6 89 7
10 2 39 4
11 1 54 7
30
1 3 2 4
2 8 37 2
3 10 5 8
4 5 24 5
5 2 18 8
6 11 73 6
7 4 95 3
8 9 82 7
9 8 22 1
10 8 73 8
11 6 13 1
12 5 93 1
13 8 53 4
14 1 12 6
15 11 45 8
16 4 59 7
17 9 80 9
18 4 23 4
19 7 49 7
20 6 81 2
21 10 27 4
22 9 45 4
23 2 37 3
24 11 31 7
25 11 92 6
26 11 61 3
27 2 76 7
28 2 89 4
29 2 30 2
30 4 22 1
19
1 2 78 6
2 10 21 9
3 10 56 2
4 9 86 8
5 6 77 3
6 6 38 5
7 7 14 9
8 6 1 1
9 7 30 3
10 9 52 1
11 4 3 8
12 2 18 5
13 1 73 5
14 10 43 6
15 7 27 9
16 6 38 3
17 8 64 2
18 9 80 2
19 9 53 5
38
1 9 11 9
2 11 11 7
3 1 28 2
4 10 98 7
5 8 41 1
6 2 67 9
7 5 5 9
8 11 66 1
9 8 47 9
10 3 99 5
11 4 60 8
12 3 21 9
13 11 30 9
14 5 97 2
15 4 43 5
16 9 5 3
17 10 85 2
18 1 12 9
19 10 11 8
20 10 31 2
21 9 93 6
22 1 63 1
23 8 89 5
24 4 35 8
25 1 19 9
26 9 48 3
27 2 4 3
28 7 4 4
29 7 74 7
30 5 46 9
31 2 77 8
32 4 77 4
33 1 52 8
34 10 30 6
35 11 9 9
36 5 30 9
37 8 57 2
38 1 96 5
17
1 2 18 1
2 4 62 9
3 3 39 6
4 5 14 7
5 5 63 5
6 1 91 9
7 10 97 8
8 3 27 5
9 11 82 6
10 9 76 8
11 8 86 9
12 1 29 8
13 7 23 5
14 10 48 3
15 10 97 9
16 7 94 3
17 7 65 9
33
1 8 62 6
2 5 44 9
3 11 20 8
4 5 6 7
5 5 33 4
6 1 55 8
7 8 3 8
8 7 98 7
9 11 92 9
10 6 56 7
11 7 23 4
12 2 93 3
13 1 17 3
14 8 3 9
15 2 33 2
16 10 83 6
17 10 27 3
18 10 87 7
19 6 31 3
20 10 1 2
21 8 29 1
22 8 94 8
23 1 15 1
24 6 48 5
25 7 74 4
26 6 35 7
27 10 98 9
28 3 57 5
29 11 59 5
30 6 42 5
31 6 42 6
32 1 20 3
33 6 21 8
35
1 8 43 5
2 3 15 8
3 6 47 4
4 4 45 3
5 5 2 5
6 2 60 1
7 7 99 3
8 10 42 9
9 8 59 9
10 2 77 5
11 6 37 7
12 2 80 4
13 5 83 4
14 8 75 3
15 8 88 2
16 8 52 6
17 1 80 5
18 10 50 1
19 5 58 2
20 8 87 2
21 8 47 6
22 11 41 3
23 11 6 6
24 4 61 3
25 1 53 6
26 11 12 2
27 6 97 2
28 8 71 8
29 2 16 1
30 2 18 7
31 11 66 7
32 11 6 7
33 6 45 6
34 11 38 4
35 3 23 4
14
1 3 21 5
2 6 18 4
3 2 86 2
4 1 1 2
5 11 18 8
6 9 81 4
7 8 84 1
8 2 29 6
9 11 66 7
10 2 87 8
11 11 91 7
12 9 31 5
13 3 59 2
14 9 69 9
43
1 9 79 2
2 6 61 5
3 11 45 4
4 2 74 9
5 10 38 7
6 11 25 3
7 9 14 9
8 4 44 3
9 6 1 2
10 2 67 1
11 8 78 4
12 10 89 8
13 4 29 7
14 2 63 1
15 9 85 6
16 1 87 9
17 1 49 2
18 4 87 3
19 1 34 8
20 2 86 3
21 2 72 8
22 11 14 1
23 10 99 7
24 3 7 3
25 10 12 8
26 4 48 3
27 3 56 4
28 7 2 8
29 3 64 2
30 1 3 3
31 9 80 7
32 1 80 6
33 4 57 3
34 1 58 6
35 8 54 2
36 6 83 5
37 9 66 7
38 8 20 1
39 9 82 7
40 4 55 1
41 7 7 7
42 7 12 2
43 8 57 9
34
1 6 86 9
2 2 40 8
3 7 21 3
4 3 85 8
5 8 5 6
6 5 84 4
7 9 39 2
8 2 43 8
9 8 55 8
10 4 10 7
11 11 79 2
12 8 93 8
13 2 69 1
14 9 2 7
15 5 43 1
16 9 26 2
17 2 19 7
18 7 69 9
19 6 4 9
20 3 54 7
21 10 53 7
22 1 41 3
23 5 68 2
24 5 27 1
25 4 72 2
26 1 53 6
27 4 85 4
28 9 84 1
29 10 45 7
30 2 43 9
31 9 2 3
32 7 13 1
33 3 12 1
34 2 20 5
49
1 2 20 3
2 11 72 8
3 4 55 2
4 10 40 3
5 8 84 7
6 8 25 5
7 5 27 5
8 9 39 5
9 11 51 3
10 10 70 7
11 4 90 5
12 1 7 2
13 5 97 5
14 4 79 5
15 8 11 2
16 4 6 3
17 6 82 3
18 10 39 1
19 3 67 1
20 9 28 5
21 10 75 3
22 9 14 1
23 2 61 8
24 10 63 5
25 9 29 4
26 9 65 4
27 1 38 2
28 4 66 7
29 9 3 6
30 7 68 8
31 11 16 5
32 8 62 1
33 8 76 2
34 3 15 6
35 8 17 8
36 1 65 9
37 11 84 6
38 4 98 2
39 1 49 8
40 3 82 5
41 5 68 3
42 7 96 4
43 2 68 4
44 1 82 2
45 4 17 9
46 7 77 5
47 6 74 1
48 10 82 1
49 8 42 9
11
1 11 68 2
2 2 36 4
3 8 30 5
4 8 97 9
5 6 78 1
6 7 92 9
7 3 70 5
8 6 42 5
9 4 24 3
10 10 64 1
11 9 83 7
46
1 1 98 3
2 8 27 8
3 2 22 5
4 7 99 5
5 1 92 3
6 3 60 7
7 8 2 9
8 9 23 1
9 7 86 8
10 2 67 5
11 9 86 3
12 8 82 3
13 10 23 4
14 9 63 7
15 9 11 2
16 10 51 9
17 3 13 7
18 2 2 3
19 2 72 5
20 9 20 5
21 7 58 3
22 4 22 7
23 8 43 8
24 6 14 6
25 3 4 1
26 11 85 6
27 5 82 5
28 4 64 5
29 5 42 9
30 8 10 5
31 5 28 5
32 5 96 8
33 2 38 1
34 10 79 6
35 10 16 9
36 2 37 3
37 7 5 9
38 10 16 9
39 7 97 8
40 4 29 4
41 11 76 3
42 4 28 1
43 9 64 9
44 2 4 6
45 2 11 5
46 4 94 6
11
1 2 21 3
2 11 37 9
3 7 32 7
4 8 58 1
5 6 35 1
6 7 62 8
7 4 24 7
8 3 27 2
9 4 37 4
10 8 29 9
11 2 29 5
22
1 9 54 1
2 2 85 7
3 10 42 5
4 2 74 3
5 8 34 8
6 9 57 4
7 11 81 5
8 2 17 8
9 7 43 6
10 8 72 1
11 3 45 2
12 2 41 6
13 7 43 6
14 4 64 6
15 9 87 3
16 9 9 9
17 8 58 3
18 10 19 1
19 4 31 9
20 11 74 7
21 5 48 7
22 6 33 6
39
1 4 9 9
2 6 70 5
3 3 58 7
4 10 66 4
5 6 23 7
6 4 39 7
7 5 67 5
8 5 41 2
9 7 86 8
10 1 18 2
11 11 53 4
12 7 47 2
13 10 53 2
14 1 64 4
15 10 16 8
16 8 38 8
17 11 51 4
18 11 69 1
19 5 29 5
20 2 22 1
21 6 14 7
22 4 24 4
23 6 34 8
24 1 65 3
25 7 88 8
26 9 57 6
27 3 40 6
28 7 47 9
29 9 61 5
30 3 7 4
31 11 49 1
32 2 98 4
33 3 22 1
34 1 78 2
35 10 30 9
36 7 98 5
37 7 23 9
38 2 65 9
39 5 70 4
13
1 10 14 1
2 9 62 8
3 10 58 3
4 10 79 1
5 10 56 2
6 7 83 2
7 11 81 6
8 6 2 3
9 6 67 2
10 10 35 3
11 4 53 9
12 6 76 3
13 10 24 7
21
1 4 67 7
2 1 21 6
3 7 4 7
4 6 85 1
5 10 86 3
6 4 51 3
7 11 85 3
8 3 36 3
9 6 13 5
10 4 36 3
11 3 85 8
12 4 55 5
13 2 5 7
14 4 87 6
15 11 69 8
16 6 96 8
17 11 54 5
18 7 90 4
19 10 49 2
20 9 67 4
21 11 10 2
38
1 5 51 5
2 4 53 1
3 7 40 4
4 4 8 2
5 8 2 9
6 7 55 2
7 2 43 5
8 9 90 4
9 6 57 7
10 4 64 6
11 9 60 8
12 2 22 5
13 10 79 8
14 4 62 2
15 11 5 6
16 10 94 8
17 8 80 9
18 6 74 3
19 7 24 5
20 7 66 9
21 4 1 5
22 6 48 6
23 5 38 6
24 6 73 7
25 1 51 4
26 3 11 2
27 8 82 6
28 8 28 1
29 2 22 3
30 4 73 6
31 1 78 8
32 10 83 5
33 3 43 6
34 5 92 3
35 11 39 6
36 6 84 1
37 3 80 2
38 5 71 7
29
1 4 96 9
2 5 69 3
3 3 47 1
4 10 31 6
5 1 71 9
6 3 62 9
7 2 1 5
8 7 84 6
9 7 65 5
10 1 34 9
11 9 78 9
12 5 36 8
13 7 7 8
14 8 55 6
15 3 63 3
16 5 90 2
17 11 56 8
18 10 86 3
19 5 97 2
20 1 88 5
21 2 24 1
22 11 95 9
23 11 55 5
24 7 58 2
25 6 7 7
26 1 33 1
27 11 49 1
28 9 15 1
29 5 96 1
43
1 7 34 1
2 6 56 9
3 5 51 6
4 3 6 1
5 9 62 9
6 1 66 6
7 10 98 5
8 7 45 5
9 5 58 3
10 9 52 1
11 8 97 1
12 9 31 7
13 7 91 5
14 2 80 2
15 5 51 3
16 11 83 8
17 10 22 9
18 6 78 8
19 5 60 6
20 5 61 7
21 1 34 9
22 7 66 6
23 3 23 4
24 3 4 5
25 5 15 2
26 11 13 5
27 4 19 9
28 1 43 1
29 2 48 8
30 6 82 7
31 11 88 3
32 10 3 5
33 7 76 7
34 5 62 9
35 8 61 1
36 9 36 4
37 8 52 9
38 5 7 7
39 3 39 8
40 4 9 5
41 6 65 2
42 5 4 1
43 5 56 9
49
1 11 84 1
2 5 46 8
3 11 81 3
4 7 31 9
5 9 37 4
6 9 73 9
7 2 81 5
8 7 44 4
9 10 46 4
10 3 2 1
11 6 9 3
12 10 51 7
13 11 60 2
14 2 48 7
15 10 52 2
16 1 76 4
17 7 98 4
18 9 47 4
19 6 84 3
20 7 39 7
21 6 57 7
22 2 90 1
23 8 1 1
24 1 60 1
25 4 61 3
26 9 35 5
27 8 66 5
28 4 13 3
29 7 24 7
30 2 46 3
31 6 8 6
32 7 87 8
33 9 33 4
34 7 23 7
35 9 88 1
36 1 63 9
37 1 20 2
38 11 39 2
39 10 63 4
40 9 36 7
41 10 57 3
42 4 37 1
43 2 22 6
44 2 71 1
45 11 34 7
46 10 58 2
47 4 23 2
48 1 24 2
49 4 8 5
40
1 7 89 3
2 3 46 5
3 7 83 3
4 8 3 7
5 7 72 5
6 6 4 2
7 2 61 1
8 3 83 2
9 4 5 1
10 7 10 3
11 5 66 4
12 5 77 1
13 6 6 7
14 9 1 2
15 10 14 2
16 2 51 5
17 5 79 1
18 10 96 5
19 2 70 9
20 4 72 6
21 1 2 3
22 11 99 5
23 9 13 7
24 1 77 9
25 1 58 4
26 3 43 5
27 7 7 7
28 6 81 6
29 3 27 4
30 4 32 6
31 7 50 5
32 6 70 7
33 3 40 4
34 4 39 4
35 4 67 2
36 6 96 6
37 4 30 2
38 8 24 5
39 1 63 4
40 5 49 5
49
1 9 48 8
2 4 18 5
3 6 57 6
4 10 96 7
5 11 61 8
6 5 58 2
7 7 85 4
8 3 10 8
9 3 72 9
10 5 19 2
11 5 9 4
12 8 56 4
13 3 60 3
14 3 21 8
15 8 36 8
16 2 19 4
17 2 29 3
18 10 7 4
19 6 85 1
20 11 68 6
21 6 25 8
22 3 28 4
23 1 46 7
24 5 60 2
25 4 31 2
26 4 69 7
27 11 35 5
28 5 90 5
29 11 80 5
30 8 74 3
31 9 70 1
32 9 17 5
33 4 31 1
34 5 68 1
35 10 23 3
36 5 56 4
37 5 22 3
38 5 9 4
39 4 20 3
40 6 31 3
41 2 56 7
42 6 6 9
43 11 32 2
44 8 95 2
45 8 14 8
46 8 26 7
47 8 44 8
48 5 3 8
49 11 3 6
40
1 7 61 3
2 7 18 9
3 1 21 8
4 9 50 7
5 4 43 7
6 9 56 3
7 5 79 9
8 10 24 8
9 3 24 4
10 3 24 7
11 9 53 6
12 1 5 6
13 5 2 9
14 4 89 4
15 9 57 9
16 8 60 3
17 6 75 6
18 8 53 3
19 7 75 3
20 6 9 4
21 5 3 8
22 2 80 7
23 4 34 4
24 5 72 1
25 4 33 4
26 5 25 3
27 7 75 2
28 5 67 9
29 2 6 8
30 8 99 3
31 4 77 1
32 4 2 4
33 7 84 9
34 5 48 9
35 8 41 5
36 6 5 1
37 8 96 1
38 5 93 5
39 5 19 5
40 8 91 8
18
1 9 94 8
2 1 94 9
3 5 78 9
4 8 25 6
5 2 65 8
6 7 67 8
7 3 64 8
8 6 55 1
9 8 74 4
10 5 63 2
11 9 96 7
12 2 95 3
13 7 83 8
14 5 88 3
15 5 23 7
16 1 56 5
17 2 16 3
18 8 6 5
40
1 2 89 9
2 6 53 1
3 1 49 5
4 2 42 7
5 6 26 3
6 9 12 3
7 2 33 8
8 1 88 3
9 2 2 3
10 7 7 6
11 2 87 6
12 1 58 2
13 9 71 2
14 11 13 9
15 6 87 2
16 7 45 8
17 8 50 2
18 5 25 2
19 4 54 1
20 5 77 8
21 10 44 3
22 8 27 6
23 11 11 5
24 2 71 5
25 3 81 9
26 11 89 1
27 9 63 3
28 3 35 8
29 3 8 3
30 10 40 7
31 8 49 8
32 7 26 5
33 1 21 4
34 9 78 9
35 2 39 9
36 5 28 2
37 5 56 3
38 10 54 6
39 11 12 4
40 5 25 2
49
1 9 25 3
2 2 50 5
3 11 68 9
4 8 44 6
5 9 82 5
6 1 9 5
7 3 64 5
8 2 18 2
9 10 27 5
10 2 49 4
11 10 51 3
12 10 83 1
13 2 53 3
14 4 40 1
15 1 35 2
16 4 10 7
17 1 87 3
18 9 32 4
19 2 34 8
20 7 38 3
21 9 58 3
22 5 56 4
23 10 21 1
24 7 48 9
25 2 2 6
26 1 36 9
27 11 81 4
28 7 39 6
29 5 35 8
30 3 11 7
31 7 38 9
32 8 41 8
33 6 66 6
34 4 83 4
35 5 33 3
36 5 95 8
37 7 79 6
38 10 48 5
39 2 17 8
40 3 14 8
41 11 84 1
42 4 80 2
43 10 86 4
44 9 51 7
45 2 16 9
46 10 14 4
47 5 53 5
48 4 21 5
49 8 46 7
16
1 11 3 8
2 8 84 6
3 1 64 7
4 8 48 9
5 5 97 4
6 6 11 3
7 4 24 5
8 7 74 9
9 10 94 5
10 4 38 9
11 4 97 3
12 4 4 6
13 10 35 7
14 5 32 2
15 9 53 2
16 4 99 6
