32
27
1 11 18 9
2 1 12 9
3 5 61 8
4 7 32 5
5 2 13 1
6 5 18 2
7 1 80 8
8 3 56 2
9 2 19 7
10 10 15 4
11 6 3 9
12 1 74 5
13 10 53 4
14 4 21 1
15 11 82 4
16 11 56 2
17 4 28 2
18 7 99 2
19 7 60 6
20 3 99 9
21 4 69 7
22 6 20 2
23 1 48 8
24 9 91 2
25 5 58 5
26 10 5 3
27 8 94 8
30
1 1 32 3
2 5 90 9
3 7 87 6
4 9 57 3
5 3 74 2
6 1 20 9
7 9 11 8
8 1 66 3
9 8 68 4
10 4 63 2
11 2 45 1
12 11 98 4
13 10 38 9
14 9 83 4
15 10 66 7
16 4 29 9
17 1 72 8
18 11 28 5
19 10 40 8
20 11 66 7
21 5 48 1
22 6 78 9
23 2 68 6
24 7 43 9
25 1 31 3
26 1 30 7
27 5 91 3
28 9 84 7
29 3 62 6
30 7 31 8
48
1 3 86 4
2 6 64 3
3 8 30 9
4 3 70 6
5 1 1 7
6 10 29 4
7 4 18 5
8 1 3 2
9 3 62 6
10 9 92 4
11 3 15 9
12 9 78 6
13 6 30 8
14 11 99 6
15 4 67 3
16 2 95 8
17 8 63 7
18 4 54 5
19 4 23 9
20 10 87 4
21 1 32 3
22 4 82 2
23 4 60 3
24 1 29 2
25 9 30 1
26 9 73 8
27 4 97 4
28 10 9 9
29 8 44 7
30 6 74 2
31 4 38 7
32 11 21 6
33 5 84 3
34 7 56 1
35 3 12 5
36 8 44 5
37 3 81 8
38 9 45 1
39 4 31 9
40 1 3 3
41 6 54 9
42 8 93 8
43 4 4 8
44 10 13 5
45 10 18 3
46 8 83 1
47 5 9 6
48 9 52 6
15
1 2 92 6
2 2 95 6
3 7 47 5
4 3 41 4
5 6 42 2
6 2 54 4
7 9 69 6
8 4 51 4
9 8 57 7
10 3 10 1
11 9 78 3
12 11 57 9
13 6 23 7
14 6 87 7
15 11 42 2
32
1 7 38 9
2 3 5 4
3 6 55 5
4 11 13 3
5 1 22 1
6 7 97 4
7 6 54 1
8 9 75 6
9 4 62 3
10 1 2 3
11 7 38 8
12 11 84 1
13 4 70 9
14 2 97 1
15 1 44 6
16 11 63 9
17 6 34 8
18 3 30 1
19 11 51 7
20 4 42 3
21 6 85 9
22 8 39 5
23 3 63 5
24 4 54 6
25 2 21 6
26 10 39 9
27 6 71 1
28 4 80 8
29 1 67 6
30 5 76 2
31 2 91 7
32 7 50 2
28
1 6 42 7
2 10 93 2
3 11 13 7
4 9 49 7
5 1 20 7
6 4 99 3
7 2 64 8
8 6 40 9
9 5 31 5
10 1 80 6
11 10 33 5
12 5 86 5
13 10 56 8
14 9 71 6
15 2 59 7
16 10 97 1
17 7 39 4
18 5 3 5
19 11 95 5
20 9 71 8
21 9 64 7
22 6 77 8
23 3 10 2
24 4 4 8
25 6 64 8
26 10 27 7
27 5 57 3
28 11 68 2
31
1 1 4 9
2 7 74 5
3 4 39 3
4 8 14 8
5 8 24 9
6 9 27 7
7 4 91 3
8 11 16 7
9 2 72 9
10 1 38 9
11 9 54 2
12 1 94 8
13 7 15 5
14 1 2 6
15 3 46 6
16 2 43 7
17 7 34 5
18 7 85 6
19 11 56 4
20 3 73 9
21 7 99 7
22 5 34 5
23 11 45 5
24 1 40 5
25 3 9 1
26 4 96 1
27 1 20 8
28 10 50 6
29 5 62 1
30 5 60 2
31 9 55 3
16
1 11 6 5
2 10 48 1
3 9 87 5
4 11 95 3
5 1 90 4
6 1 8 2
7 11 57 8
8 2 18 6
9 6 77 6
10 1 32 8
11 8 81 2
12 11 97 9
13 3 91 6
14 11 84 2
15 6 24 8
16 7 78 1
48
1 2 14 2
2 3 31 7
3 6 8 1
4 6 37 8
5 2 16 8
6 10 14 5
7 1 3 1
8 11 86 9
9 4 9 7
10 8 84 7
11 9 94 1
12 11 89 1
13 8 72 9
14 2 23 7
15 3 64 7
16 7 50 3
17 9 75 5
18 11 83 8
19 7 9 9
20 2 13 3
21 8 30 9
22 2 37 8
23 11 17 1
24 5 23 8
25 4 84 6
26 1 32 1
27 5 43 8
28 2 87 7
29 8 21 2
30 3 93 3
31 2 65 4
32 9 43 8
33 2 61 2
34 5 23 1
35 5 62 5
36 11 99 8
37 8 43 6
38 4 94 6
39 11 40 6
40 10 85 3
41 3 17 2
42 11 24 4
43 7 97 5
44 2 8 4
45 11 73 6
46 7 62 9
47 6 22 6
48 2 26 1
23
1 8 24 2
2 4 8 5
3 5 24 6
4 4 45 7
5 10 41 1
6 9 46 2
7 7 19 7
8 2 79 7
9 5 1 3
10 6 24 1
11 10 80 8
12 10 1 1
13 6 31 6
14 5 44 4
15 5 53 7
16 10 82 2
17 11 77 4
18 6 74 9
19 7 30 9
20 5 48 6
21 7 17 4
22 9 45 5
23 7 32 4
20
1 6 3 7
2 8 54 2
3 7 34 3
4 4 11 5
5 9 85 4
6 4 13 2
7 9 60 7
8 4 75 8
9 10 20 3
10 3 49 4
11 6 89 2
12 6 72 9
13 2 91 3
14 2 32 2
15 11 26 6
16 7 54 8
17 6 86 3
18 8 73 1
19 5 92 9
20 11 23 9
46
1 5 25 7
2 9 97 4
3 8 86 6
4 10 18 7
5 9 41 1
6 2 93 9
7 5 77 9
8 1 50 1
9 6 42 9
10 5 65 9
11 7 33 1
12 10 9 5
13 5 39 2
14 2 9 4
15 6 44 4
16 2 7 3
17 4 78 4
18 3 94 1
19 7 20 4
20 2 44 5
21 9 15 6
22 8 83 3
23 3 46 6
24 8 38 2
25 4 3 6
26 3 68 4
27 7 69 1
28 5 6 3
29 9 44 9
30 6 75 9
31 5 35 9
32 6 45 2
33 9 3 2
34 10 95 5
35 1 35 4
36 3 63 1
37 2 73 2
38 4 39 9
39 10 9 6
40 9 24 6
41 6 48 2
42 5 14 1
43 3 24 2
44 6 17 2
45 10 1 9
46 11 19 1
33
1 10 45 3
2 2 81 9
3 9 87 3
4 4 11 6
5 7 59 7
6 10 70 7
7 1 91 6
8 4 8 6
9 2 8 5
10 11 25 3
11 5 97 5
12 3 40 7
13 6 60 4
14 4 83 1
15 1 78 2
16 4 28 1
17 5 97 8
18 7 91 6
19 2 59 8
20 9 43 7
21 9 55 7
22 4 79 4
23 10 98 7
24 1 44 6
25 4 17 6
26 4 53 9
27 8 33 8
28 3 37 6
29 5 42 2
30 6 57 3
31 2 52 2
32 1 73 4
33 2 95 8
38
1 9 86 8
2 2 1 2
3 3 52 8
4 8 82 7
5 10 19 1
6 1 60 2
7 6 17 4
8 8 68 5
9 6 39 7
10 8 32 5
11 6 37 2
12 1 57 5
13 2 46 3
14 9 32 9
15 11 32 2
16 8 69 7
17 10 73 5
18 3 93 4
19 2 81 6
20 8 20 7
21 4 58 5
22 8 15 8
23 9 98 9
24 8 33 7
25 7 41 5
26 5 38 2
27 6 94 5
28 10 23 4
29 3 90 5
30 5 42 7
31 2 18 5
32 2 7 1
33 6 4 8
34 2 64 6
35 10 66 7
36 6 32 4
37 9 18 6
38 3 37 6
33
1 5 82 5
2 9 22 3
3 11 39 5
4 1 43 3
5 4 46 1
6 6 8 6
7 4 74 2
8 8 6 5
9 5 21 1
10 7 57 4
11 8 16 7
12 10 34 4
13 10 81 9
14 4 65 7
15 3 45 5
16 2 33 7
17 10 59 5
18 6 99 6
19 9 88 7
20 5 35 5
21 6 41 3
22 8 89 9
23 7 79 9
24 10 68 9
25 7 25 7
26 7 20 6
27 4 51 1
28 7 55 8
29 4 5 7
30 3 72 8
31 4 48 9
32 10 9 7
33 10 78 1
41
1 11 9 5
2 4 33 1
3 10 52 6
4 3 1 4
5 7 53 9
6 11 58 6
7 11 30 2
8 2 75 1
9 11 83 5
10 9 61 4
11 5 55 5
12 2 55 6
13 10 94 6
14 4 16 2
15 5 33 7
16 11 63 6
17 11 46 7
18 6 71 7
19 3 48 8
20 7 15 4
21 10 89 1
22 9 56 7
23 6 44 8
24 9 9 3
25 2 67 9
26 10 34 9
27 4 12 4
28 5 34 8
29 7 78 3
30 11 7 9
31 1 61 2
32 2 49 1
33 2 1 1
34 1 66 1
35 8 45 6
36 6 89 4
37 7 54 2
38 5 70 6
39 5 10 9
40 5 52 3
41 11 62 2
31
1 5 74 9
2 5 72 7
3 5 38 7
4 10 80 1
5 3 70 5
6 7 22 4
7 11 90 7
8 4 99 6
9 9 49 6
10 8 12 8
11 11 99 5
12 8 87 2
13 2 37 4
14 5 29 7
15 7 67 7
16 8 23 8
17 8 11 3
18 9 15 6
19 6 65 7
20 10 7 1
21 8 73 1
22 7 54 4
23 3 84 4
24 7 98 6
25 11 3 7
26 9 36 2
27 9 45 8
28 6 14 6
29 9 2 1
30 8 73 7
31 1 55 5
40
1 1 61 4
2 3 43 5
3 9 39 2
4 6 42 6
5 1 77 7
6 9 22 6
7 2 36 9
8 10 35 1
9 4 8 5
10 5 62 9
11 9 81 7
12 3 23 8
13 2 76 7
14 7 18 7
15 2 87 3
16 1 45 5
17 10 45 2
18 1 34 8
19 11 9 6
20 8 80 8
21 1 51 7
22 5 11 2
23 3 89 3
24 1 39 6
25 7 78 6
26 3 46 7
27 2 92 3
28 11 79 5
29 9 37 6
30 6 96 3
31 6 67 7
32 1 5 9
33 9 52 6
34 8 46 4
35 2 33 1
36 11 85 2
37 10 22 2
38 11 79 8
39 2 93 9
40 3 68 9
20
1 1 77 9
2 11 79 9
3 6 29 5
4 2 74 7
5 4 6 7
6 1 88 8
7 11 10 7
8 10 88 5
9 9 79 2
10 1 45 8
11 11 9 2
12 8 71 4
13 7 55 6
14 11 61 6
15 7 3 3
16 10 82 2
17 9 44 9
18 8 73 7
19 5 93 1
20 7 26 7
10
1 5 26 9
2 10 94 3
3 5 50 9
4 4 9 3
5 9 11 3
6 7 93 4
7 5 35 2
8 10 6 8
9 3 98 6
10 9 23 4
27
1 5 6 4
2 4 98 5
3 6 48 4
4 10 56 4
5 5 65 6
6 11 56 7
7 2 90 8
8 11 95 4
9 1 92 8
10 7 15 2
11 9 16 7
12 2 29 3
13 11 21 1
14 3 51 5
15 1 56 4
16 10 16 5
17 8 66 9
18 9 95 8
19 3 21 6
20 4 2 5
21 5 53 1
22 9 18 8
23 5 43 6
24 1 11 4
25 8 3 2
26 6 16 9
27 8 40 9
46
1 11 91 1
2 11 12 6
3 3 13 1
4 5 63 9
5 3 80 7
6 5 23 2
7 5 31 5
8 10 33 4
9 5 47 4
10 1 86 1
11 6 59 5
12 8 65 7
13 6 63 1
14 5 98 4
15 2 13 9
16 2 50 3
17 3 97 1
18 9 2 4
19 9 66 5
20 9 57 8
21 6 23 8
22 8 11 7
23 4 55 5
24 11 4 5
25 10 19 5
26 9 93 2
27 3 37 1
28 9 13 3
29 10 35 9
30 7 34 7
31 8 3 8
32 7 36 4
33 6 38 8
34 3 25 2
35 6 54 2
36 11 10 3
37 4 8 1
38 6 83 4
39 7 64 5
40 7 96 9
41 5 67 3
42 7 34 9
43 7 57 8
44 1 2 6
45 3 65 6
46 1 58 5
20
1 6 71 5
2 11 52 6
3 6 15 8
4 10 11 5
5 3 77 6
6 9 9 5
7 3 65 3
8 3 64 7
9 3 29 3
10 3 87 7
11 9 17 2
12 3 92 4
13 10 90 1
14 11 48 6
15 10 62 5
16 7 46 9
17 4 31 8
18 11 91 3
19 9 10 7
20 2 86 2
37
1 4 14 5
2 6 6 8
3 3 94 8
4 2 42 5
5 10 2 7
6 5 47 6
7 7 75 5
8 6 66 7
9 1 73 3
10 3 60 2
11 11 73 4
12 3 89 7
13 6 25 7
14 11 63 9
15 8 96 6
16 7 20 7
17 10 67 3
18 7 56 9
19 5 92 9
20 11 46 3
21 4 47 5
22 10 98 1
23 9 50 3
24 11 66 7
25 5 26 6
26 10 77 5
27 5 77 4
28 6 50 8
29 4 76 1
30 7 67 5
31 6 26 6
32 8 63 4
33 7 83 1
34 10 78 2
35 9 92 9
36 11 23 3
37 8 17 6
13
1 7 33 4
2 10 7 4
3 3 73 9
4 8 98 3
5 2 59 4
6 6 40 5
7 5 19 4
8 11 9 4
9 8 31 6
10 5 46 9
11 1 94 2
12 11 78 7
13 6 75 7
15
1 10 19 5
2 1 76 6
3 6 16 1
4 8 34 5
5 6 41 6
6 2 71 2
7 6 15 2
8 4 8 1
9 1 85 6
10 4 60 3
11 2 80 3
12 8 4 3
13 6 84 5
14 10 95 8
15 9 91 4
20
1 4 29 2
2 10 44 1
3 11 51 9
4 1 36 5
5 4 93 5
6 6 73 5
7 2 74 7
8 5 58 3
9 3 51 8
10 9 42 2
11 2 42 1
12 9 85 7
13 6 93 2
14 10 77 8
15 1 55 7
16 3 84 4
17 7 82 6
18 3 91 7
19 4 44 3
20 10 52 8
32
1 2 80 7
2 8 65 5
3 2 57 4
4 11 34 9
5 9 86 6
6 11 71 1
7 4 51 6
8 6 42 2
9 7 83 4
10 6 33 2
11 9 84 9
12 11 86 8
13 7 60 4
14 6 41 2
15 7 20 1
16 2 63 8
17 6 39 5
18 1 85 1
19 7 25 7
20 1 97 1
21 11 4 6
22 5 73 7
23 11 76 8
24 5 31 1
25 1 94 8
26 7 10 9
27 3 93 9
28 9 39 4
29 5 89 3
30 6 42 2
31 1 37 5
32 4 52 2
26
1 7 71 3
2 9 2 2
3 9 93 7
4 5 3 6
5 5 96 4
6 2 33 7
7 5 20 7
8 10 62 6
9 8 98 2
10 11 48 1
11 6 94 2
12 10 77 6
13 11 65 9
14 2 15 2
15 5 54 2
16 10 58 4
17 9 46 6
18 7 14 8
19 11 96 5
20 7 6 7
21 10 42 6
22 4 63 3
23 1 71 8
24 9 79 7
25 1 72 6
26 10 64 1
23
1 5 88 6
2 9 2 4
3 6 95 6
4 1 2 3
5 9 43 9
6 1 4 9
7 11 73 6
8 8 52 1
9 6 22 4
10 4 83 4
11 2 43 9
12 1 26 6
13 1 83 9
14 7 95 7
15 6 29 8
16 2 26 6
17 6 31 4
18 1 74 3
19 6 95 8
20 6 24 7
21 11 22 3
22 8 72 6
23 9 17 1
12
1 7 30 3
2 2 58 8
3 3 83 5
4 8 13 8
5 6 84 9
6 1 80 7
7 4 4 3
8 3 25 5
9 8 94 1
10 6 12 8
11 7 3 6
12 3 92 2
11
1 9 30 4
2 4 40 9
3 9 25 8
4 7 5 6
5 10 6 6
6 11 29 1
7 7 23 9
8 10 32 7
9 5 33 3
10 7 25 2
11 9 1 9
